"﻿最高氣溫 (攝氏度) - 橫瀾島"
"Maximum Temperature (°C) - Waglan Island"
年/Year,月/Month,日/Day,數值/Value,"數據完整性/data Completeness"
1989,9,1,34.4,C
1989,9,2,34.1,C
1989,9,3,31.9,C
1989,9,4,34.8,C
1989,9,5,34.4,C
1989,9,6,30.2,C
1989,9,7,27.2,C
1989,9,8,29.7,C
1989,9,9,33.0,C
1989,9,10,32.8,#
1989,9,11,33.8,#
1989,9,12,30.0,C
1989,9,13,30.4,#
1989,9,14,27.9,#
1989,9,15,29.3,C
1989,9,16,27.2,C
1989,9,17,25.8,#
1989,9,18,30.2,C
1989,9,19,29.5,C
1989,9,20,29.5,C
1989,9,21,27.1,#
1989,9,22,28.7,#
1989,9,23,31.0,#
1989,9,24,32.8,#
1989,9,25,32.3,#
1989,9,26,32.1,C
1989,9,27,34.8,C
1989,9,28,30.9,#
1989,9,29,31.8,C
1989,9,30,27.2,C
1989,10,1,27.3,C
1989,10,2,26.0,#
1989,10,3,27.7,#
1989,10,4,28.7,C
1989,10,5,28.1,#
1989,10,6,28.8,#
1989,10,7,27.2,C
1989,10,8,26.1,C
1989,10,9,24.1,C
1989,10,10,26.3,C
1989,10,11,29.2,C
1989,10,12,25.4,C
1989,10,13,23.8,C
1989,10,14,26.4,#
1989,10,15,29.3,C
1989,10,16,32.5,C
1989,10,17,22.3,C
1989,10,18,25.7,C
1989,10,19,24.4,#
1989,10,20,24.2,#
1989,10,21,23.3,#
1989,10,22,24.8,#
1989,10,23,27.4,C
1989,10,24,26.4,C
1989,10,25,26.3,#
1989,10,26,27.5,#
1989,10,27,26.9,C
1989,10,28,31.7,C
1989,10,29,25.2,C
1989,10,30,28.4,#
1989,10,31,28.6,#
1989,11,1,23.6,C
1989,11,2,24.7,#
1989,11,3,25.7,#
1989,11,4,26.4,#
1989,11,5,28.2,C
1989,11,6,28.7,#
1989,11,7,26.2,C
1989,11,8,25.8,C
1989,11,9,25.5,#
1989,11,10,24.0,C
1989,11,11,24.9,C
1989,11,12,27.6,C
1989,11,13,27.2,C
1989,11,14,23.2,C
1989,11,15,21.6,#
1989,11,16,22.5,#
1989,11,17,25.0,C
1989,11,18,20.9,C
1989,11,19,20.0,C
1989,11,20,20.9,C
1989,11,21,24.6,C
1989,11,22,22.8,C
1989,11,23,20.1,#
1989,11,24,21.1,C
1989,11,25,19.9,C
1989,11,26,21.3,C
1989,11,27,23.3,C
1989,11,28,19.6,C
1989,11,29,17.3,C
1989,11,30,18.3,#
1989,12,1,20.6,C
1989,12,2,22.5,C
1989,12,3,25.9,#
1989,12,4,27.2,C
1989,12,5,25.4,#
1989,12,6,27.6,#
1989,12,7,25.6,C
1989,12,8,21.8,C
1989,12,9,18.7,C
1989,12,10,20.1,C
1989,12,11,21.2,C
1989,12,12,23.0,#
1989,12,13,23.7,#
1989,12,14,20.1,#
1989,12,15,18.7,C
1989,12,16,21.2,#
1989,12,17,20.2,#
1989,12,18,17.8,#
1989,12,19,18.1,#
1989,12,20,18.0,#
1989,12,21,18.7,#
1989,12,22,19.4,#
1989,12,23,16.4,C
1989,12,24,14.8,C
1989,12,25,16.4,C
1989,12,26,18.3,C
1989,12,27,15.9,C
1989,12,28,20.2,#
1989,12,29,18.1,#
1989,12,30,15.7,C
1989,12,31,14.0,C
1990,1,1,16.0,C
1990,1,2,15.8,C
1990,1,3,16.1,C
1990,1,4,17.3,C
1990,1,5,17.2,C
1990,1,6,19.0,C
1990,1,7,18.5,C
1990,1,8,20.9,C
1990,1,9,21.1,C
1990,1,10,23.9,#
1990,1,11,18.2,C
1990,1,12,20.5,C
1990,1,13,17.7,C
1990,1,14,16.0,#
1990,1,15,18.4,C
1990,1,16,13.1,#
1990,1,17,14.9,#
1990,1,18,16.1,C
1990,1,19,16.2,C
1990,1,20,12.4,C
1990,1,21,13.4,C
1990,1,22,15.9,#
1990,1,23,12.5,C
1990,1,24,15.4,C
1990,1,25,16.1,#
1990,1,26,17.9,#
1990,1,27,20.7,C
1990,1,28,19.7,C
1990,1,29,17.6,#
1990,1,30,15.7,#
1990,1,31,14.8,C
1990,2,1,11.4,C
1990,2,2,14.4,C
1990,2,3,16.0,C
1990,2,4,14.1,C
1990,2,5,14.3,#
1990,2,6,18.1,C
1990,2,7,18.5,C
1990,2,8,19.5,C
1990,2,9,15.7,C
1990,2,10,17.9,C
1990,2,11,24.1,#
1990,2,12,17.0,#
1990,2,13,19.9,C
1990,2,14,21.3,C
1990,2,15,17.1,C
1990,2,16,19.2,#
1990,2,17,16.2,C
1990,2,18,19.1,C
1990,2,19,18.6,C
1990,2,20,16.2,#
1990,2,21,16.6,C
1990,2,22,18.2,#
1990,2,23,17.9,C
1990,2,24,14.0,C
1990,2,25,11.7,C
1990,2,26,11.2,C
1990,2,27,13.1,#
1990,2,28,15.0,C
1990,3,1,13.7,C
1990,3,2,13.2,C
1990,3,3,13.1,C
1990,3,4,11.5,#
1990,3,5,15.6,C
1990,3,6,17.5,C
1990,3,7,18.2,C
1990,3,8,16.7,C
1990,3,9,17.2,C
1990,3,10,16.5,C
1990,3,11,24.3,C
1990,3,12,21.7,C
1990,3,13,17.1,#
1990,3,14,19.2,C
1990,3,15,22.1,C
1990,3,16,18.5,C
1990,3,17,18.6,C
1990,3,18,19.3,#
1990,3,19,18.4,#
1990,3,20,19.6,C
1990,3,21,21.5,C
1990,3,22,22.6,C
1990,3,23,21.7,C
1990,3,24,22.0,C
1990,3,25,28.0,C
1990,3,26,21.7,C
1990,3,27,18.8,#
1990,3,28,26.1,C
1990,3,29,26.1,#
1990,3,30,19.9,C
1990,3,31,17.9,#
1990,4,1,22.6,C
1990,4,2,24.5,#
1990,4,3,26.4,#
1990,4,4,19.7,#
1990,4,5,17.4,C
1990,4,6,20.1,#
1990,4,7,24.7,C
1990,4,8,22.5,#
1990,4,9,18.7,C
1990,4,10,21.9,C
1990,4,11,22.2,#
1990,4,12,21.1,#
1990,4,13,21.9,C
1990,4,14,19.7,C
1990,4,15,18.5,C
1990,4,16,18.8,C
1990,4,17,17.6,#
1990,4,18,17.0,#
1990,4,19,18.1,#
1990,4,20,19.2,C
1990,4,21,24.3,C
1990,4,22,27.7,C
1990,4,23,23.4,C
1990,4,24,17.6,#
1990,4,25,17.7,#
1990,4,26,18.3,C
1990,4,27,21.7,#
1990,4,28,21.9,C
1990,4,29,26.7,#
1990,4,30,26.0,#
1990,5,1,27.8,C
1990,5,2,29.0,#
1990,5,3,29.7,#
1990,5,4,24.6,#
1990,5,5,25.0,#
1990,5,6,26.1,#
1990,5,7,26.3,#
1990,5,8,30.0,#
1990,5,9,22.5,C
1990,5,10,23.4,#
1990,5,11,22.6,C
1990,5,12,28.3,C
1990,5,13,24.2,C
1990,5,14,30.2,#
1990,5,15,24.0,C
1990,5,16,24.0,C
1990,5,17,27.7,#
1990,5,18,23.4,C
1990,5,19,29.0,#
1990,5,20,28.7,#
1990,5,21,28.4,#
1990,5,22,26.0,#
1990,5,23,27.0,C
1990,5,24,27.1,#
1990,5,25,23.5,C
1990,5,26,21.4,#
1990,5,27,23.1,C
1990,5,28,25.3,C
1990,5,29,25.6,#
1990,5,30,28.0,C
1990,5,31,30.8,#
1990,6,1,28.4,C
1990,6,2,23.9,C
1990,6,3,24.7,#
1990,6,4,28.7,C
1990,6,5,28.3,#
1990,6,6,27.9,C
1990,6,7,28.0,#
1990,6,8,28.1,C
1990,6,9,27.0,C
1990,6,10,25.3,C
1990,6,11,27.5,C
1990,6,12,31.3,C
1990,6,13,33.7,C
1990,6,14,34.1,C
1990,6,15,31.3,C
1990,6,16,28.3,C
1990,6,17,28.1,C
1990,6,18,28.6,C
1990,6,19,30.8,C
1990,6,20,30.3,C
1990,6,21,32.9,#
1990,6,22,34.9,#
1990,6,23,30.4,#
1990,6,24,29.9,#
1990,6,25,33.7,#
1990,6,26,33.9,#
1990,6,27,33.5,C
1990,6,28,31.2,#
1990,6,29,28.2,#
1990,6,30,28.2,#
1990,7,1,30.3,#
1990,7,2,31.6,C
1990,7,3,32.7,#
1990,7,4,32.9,#
1990,7,5,34.0,#
1990,7,6,34.8,#
1990,7,7,32.4,#
1990,7,8,33.1,#
1990,7,9,33.7,#
1990,7,10,31.8,#
1990,7,11,33.5,C
1990,7,12,34.0,C
1990,7,13,32.1,#
1990,7,14,25.7,#
1990,7,15,32.1,#
1990,7,16,31.9,#
1990,7,17,31.5,C
1990,7,18,34.4,#
1990,7,19,***,#
1990,7,20,***,#
1990,7,21,***,#
1990,7,22,***,#
1990,7,23,***,#
1990,7,24,***,#
1990,7,25,***,#
1990,7,26,***,#
1990,7,27,***,#
1990,7,28,***,#
1990,7,29,***,#
1990,7,30,***,#
1990,7,31,***,#
1990,8,1,***,#
1990,8,2,***,#
1990,8,3,***,#
1990,8,4,***,#
1990,8,5,***,#
1990,8,6,31.2,#
1990,8,7,31.1,C
1990,8,8,30.2,C
1990,8,9,30.6,C
1990,8,10,31.0,C
1990,8,11,33.4,C
1990,8,12,33.4,C
1990,8,13,34.4,#
1990,8,14,31.6,#
1990,8,15,34.9,#
1990,8,16,32.8,#
1990,8,17,35.7,#
1990,8,18,33.3,#
1990,8,19,33.6,#
1990,8,20,30.4,#
1990,8,21,30.6,#
1990,8,22,30.4,#
1990,8,23,33.9,#
1990,8,24,32.0,#
1990,8,25,31.2,#
1990,8,26,32.3,#
1990,8,27,33.0,#
1990,8,28,28.0,C
1990,8,29,27.9,C
1990,8,30,33.9,#
1990,8,31,30.2,C
1990,9,1,33.8,#
1990,9,2,32.6,#
1990,9,3,31.5,#
1990,9,4,32.6,#
1990,9,5,31.8,#
1990,9,6,29.2,#
1990,9,7,33.6,#
1990,9,8,33.3,#
1990,9,9,30.1,#
1990,9,10,25.9,#
1990,9,11,24.7,#
1990,9,12,30.6,C
1990,9,13,28.8,#
1990,9,14,29.1,#
1990,9,15,31.1,#
1990,9,16,31.0,#
1990,9,17,31.5,#
1990,9,18,30.7,#
1990,9,19,27.0,#
1990,9,20,***,#
1990,9,21,***,#
1990,9,22,***,#
1990,9,23,***,#
1990,9,24,***,#
1990,9,25,***,#
1990,9,26,***,#
1990,9,27,***,#
1990,9,28,***,#
1990,9,29,***,#
1990,9,30,***,#
1990,10,1,***,#
1990,10,2,***,#
1990,10,3,***,#
1990,10,4,***,#
1990,10,5,***,#
1990,10,6,***,#
1990,10,7,***,#
1990,10,8,***,#
1990,10,9,***,#
1990,10,10,***,#
1990,10,11,***,#
1990,10,12,***,#
1990,10,13,***,#
1990,10,14,***,#
1990,10,15,***,#
1990,10,16,***,#
1990,10,17,***,#
1990,10,18,***,#
1990,10,19,***,#
1990,10,20,***,#
1990,10,21,***,#
1990,10,22,***,#
1990,10,23,***,#
1990,10,24,***,#
1990,10,25,***,#
1990,10,26,***,#
1990,10,27,***,#
1990,10,28,***,#
1990,10,29,***,#
1990,10,30,***,#
1990,10,31,***,#
1990,11,1,***,#
1990,11,2,***,#
1990,11,3,***,#
1990,11,4,***,#
1990,11,5,***,#
1990,11,6,***,#
1990,11,7,***,#
1990,11,8,***,#
1990,11,9,***,#
1990,11,10,***,#
1990,11,11,***,#
1990,11,12,23.0,#
1990,11,13,25.2,#
1990,11,14,26.2,#
1990,11,15,***,#
1990,11,16,***,#
1990,11,17,***,#
1990,11,18,***,#
1990,11,19,***,#
1990,11,20,***,#
1990,11,21,***,#
1990,11,22,22.2,#
1990,11,23,23.2,#
1990,11,24,25.2,C
1990,11,25,26.2,C
1990,11,26,25.9,#
1990,11,27,24.2,C
1990,11,28,24.9,#
1990,11,29,23.0,C
1990,11,30,19.1,C
1990,12,1,15.9,C
1990,12,2,16.1,#
1990,12,3,17.2,#
1990,12,4,19.2,C
1990,12,5,20.8,#
1990,12,6,23.0,C
1990,12,7,23.2,C
1990,12,8,25.5,#
1990,12,9,27.7,#
1990,12,10,26.2,#
1990,12,11,25.3,#
1990,12,12,19.5,C
1990,12,13,19.8,C
1990,12,14,24.3,#
1990,12,15,21.6,C
1990,12,16,21.9,#
1990,12,17,25.4,#
1990,12,18,22.6,C
1990,12,19,19.8,C
1990,12,20,24.5,#
1990,12,21,20.9,#
1990,12,22,20.5,C
1990,12,23,20.5,C
1990,12,24,20.0,#
1990,12,25,22.1,#
1990,12,26,24.4,#
1990,12,27,18.6,#
1990,12,28,22.6,#
1990,12,29,18.4,#
1990,12,30,18.4,#
1990,12,31,23.7,#
1991,1,1,20.5,#
1991,1,2,21.2,#
1991,1,3,19.0,#
1991,1,4,18.9,#
1991,1,5,17.6,C
1991,1,6,15.5,#
1991,1,7,15.8,#
1991,1,8,16.5,#
1991,1,9,14.9,#
1991,1,10,16.7,#
1991,1,11,16.7,#
1991,1,12,15.2,C
1991,1,13,15.6,C
1991,1,14,15.9,C
1991,1,15,14.9,C
1991,1,16,16.6,#
1991,1,17,20.2,#
1991,1,18,16.0,#
1991,1,19,19.3,C
1991,1,20,21.2,#
1991,1,21,24.1,#
1991,1,22,20.8,#
1991,1,23,18.8,#
1991,1,24,18.8,C
1991,1,25,19.9,C
1991,1,26,17.1,#
1991,1,27,16.6,C
1991,1,28,20.8,C
1991,1,29,22.1,C
1991,1,30,18.7,C
1991,1,31,18.6,C
1991,2,1,17.1,C
1991,2,2,17.4,C
1991,2,3,22.0,C
1991,2,4,22.5,C
1991,2,5,18.6,C
1991,2,6,20.2,#
1991,2,7,23.2,#
1991,2,8,18.5,#
1991,2,9,22.6,C
1991,2,10,25.7,C
1991,2,11,18.1,C
1991,2,12,17.1,#
1991,2,13,17.8,C
1991,2,14,19.6,#
1991,2,15,22.8,C
1991,2,16,16.3,C
1991,2,17,17.6,#
1991,2,18,17.7,C
1991,2,19,15.7,#
1991,2,20,13.9,C
1991,2,21,18.3,#
1991,2,22,21.2,C
1991,2,23,20.5,C
1991,2,24,17.8,C
1991,2,25,16.1,C
1991,2,26,17.6,#
1991,2,27,18.8,#
1991,2,28,19.5,C
1991,3,1,23.5,#
1991,3,2,16.5,C
1991,3,3,16.3,#
1991,3,4,18.3,C
1991,3,5,21.7,C
1991,3,6,22.7,#
1991,3,7,20.7,#
1991,3,8,25.4,#
1991,3,9,27.2,#
1991,3,10,***,#
1991,3,11,26.9,#
1991,3,12,20.4,#
1991,3,13,20.8,#
1991,3,14,19.0,#
1991,3,15,20.0,#
1991,3,16,23.8,C
1991,3,17,18.1,#
1991,3,18,17.6,#
1991,3,19,19.8,#
1991,3,20,22.2,#
1991,3,21,26.0,#
1991,3,22,25.1,#
1991,3,23,19.2,#
1991,3,24,18.8,#
1991,3,25,22.1,#
1991,3,26,27.2,#
1991,3,27,25.4,#
1991,3,28,21.9,#
1991,3,29,20.6,#
1991,3,30,20.3,C
1991,3,31,14.7,#
1991,4,1,17.8,#
1991,4,2,18.3,#
1991,4,3,19.7,#
1991,4,4,20.3,#
1991,4,5,20.8,#
1991,4,6,21.4,#
1991,4,7,25.8,#
1991,4,8,19.7,#
1991,4,9,22.8,#
1991,4,10,26.8,C
1991,4,11,32.3,C
1991,4,12,30.3,#
1991,4,13,29.3,#
1991,4,14,23.5,#
1991,4,15,24.4,#
1991,4,16,24.7,#
1991,4,17,27.0,#
1991,4,18,32.8,#
1991,4,19,25.1,#
1991,4,20,20.0,#
1991,4,21,20.5,#
1991,4,22,22.9,#
1991,4,23,27.3,#
1991,4,24,29.5,#
1991,4,25,27.2,#
1991,4,26,30.7,C
1991,4,27,26.1,#
1991,4,28,28.3,C
1991,4,29,33.2,#
1991,4,30,27.4,C
1991,5,1,28.0,#
1991,5,2,20.6,#
1991,5,3,20.0,#
1991,5,4,21.0,C
1991,5,5,22.9,C
1991,5,6,30.9,C
1991,5,7,28.9,C
1991,5,8,26.2,C
1991,5,9,23.2,#
1991,5,10,23.1,#
1991,5,11,27.7,#
1991,5,12,33.0,#
1991,5,13,33.5,#
1991,5,14,29.8,C
1991,5,15,31.5,#
1991,5,16,33.2,#
1991,5,17,28.9,#
1991,5,18,33.6,C
1991,5,19,33.0,#
1991,5,20,34.7,#
1991,5,21,32.5,C
1991,5,22,32.1,C
1991,5,23,31.7,C
1991,5,24,33.8,#
1991,5,25,34.3,C
1991,5,26,36.1,#
1991,5,27,36.8,#
1991,5,28,35.6,C
1991,5,29,30.5,#
1991,5,30,32.6,C
1991,5,31,37.9,#
1991,6,1,37.3,#
1991,6,2,38.1,#
1991,6,3,37.3,#
1991,6,4,36.4,C
1991,6,5,34.3,#
1991,6,6,38.4,C
1991,6,7,38.3,#
1991,6,8,28.2,C
1991,6,9,26.7,C
1991,6,10,26.4,C
1991,6,11,31.4,#
1991,6,12,32.1,C
1991,6,13,32.6,#
1991,6,14,33.2,#
1991,6,15,34.4,C
1991,6,16,34.5,C
1991,6,17,35.6,C
1991,6,18,34.9,#
1991,6,19,30.2,#
1991,6,20,28.6,#
1991,6,21,31.4,C
1991,6,22,30.6,#
1991,6,23,27.4,C
1991,6,24,25.0,C
1991,6,25,27.9,#
1991,6,26,25.9,C
1991,6,27,28.2,#
1991,6,28,31.9,#
1991,6,29,34.5,#
1991,6,30,35.5,#
1991,7,1,35.3,#
1991,7,2,32.2,#
1991,7,3,30.5,#
1991,7,4,31.2,C
1991,7,5,31.7,#
1991,7,6,31.9,C
1991,7,7,32.6,#
1991,7,8,34.9,#
1991,7,9,35.0,C
1991,7,10,36.6,#
1991,7,11,31.8,C
1991,7,12,30.9,C
1991,7,13,29.7,C
1991,7,14,30.2,C
1991,7,15,34.2,C
1991,7,16,30.3,C
1991,7,17,33.2,#
1991,7,18,35.9,#
1991,7,19,32.9,#
1991,7,20,30.4,C
1991,7,21,30.7,C
1991,7,22,31.9,C
1991,7,23,29.3,#
1991,7,24,26.1,C
1991,7,25,29.8,C
1991,7,26,31.1,C
1991,7,27,32.5,#
1991,7,28,31.7,C
1991,7,29,28.8,#
1991,7,30,28.6,#
1991,7,31,29.4,#
1991,8,1,31.1,#
1991,8,2,32.6,C
1991,8,3,32.9,C
1991,8,4,33.5,#
1991,8,5,33.6,#
1991,8,6,32.3,C
1991,8,7,32.8,#
1991,8,8,30.0,#
1991,8,9,***,#
1991,8,10,***,#
1991,8,11,***,#
1991,8,12,***,#
1991,8,13,***,#
1991,8,14,30.1,#
1991,8,15,26.9,#
1991,8,16,27.2,#
1991,8,17,26.4,#
1991,8,18,32.3,#
1991,8,19,32.3,#
1991,8,20,29.9,#
1991,8,21,30.0,#
1991,8,22,33.9,#
1991,8,23,34.2,#
1991,8,24,29.2,#
1991,8,25,27.2,#
1991,8,26,30.6,#
1991,8,27,31.4,#
1991,8,28,32.7,#
1991,8,29,28.5,#
1991,8,30,32.9,#
1991,8,31,34.4,#
1991,9,1,34.2,#
1991,9,2,33.3,C
1991,9,3,31.9,#
1991,9,4,31.4,#
1991,9,5,28.3,#
1991,9,6,27.8,#
1991,9,7,28.1,#
1991,9,8,32.5,#
1991,9,9,30.4,#
1991,9,10,32.4,C
1991,9,11,34.1,#
1991,9,12,35.2,#
1991,9,13,32.0,#
1991,9,14,30.4,#
1991,9,15,27.8,#
1991,9,16,30.9,#
1991,9,17,31.7,#
1991,9,18,31.8,#
1991,9,19,33.1,#
1991,9,20,32.3,#
1991,9,21,29.4,C
1991,9,22,28.9,C
1991,9,23,33.7,#
1991,9,24,31.9,#
1991,9,25,31.2,#
1991,9,26,34.0,#
1991,9,27,32.5,#
1991,9,28,27.6,#
1991,9,29,26.1,#
1991,9,30,28.6,#
1991,10,1,30.5,#
1991,10,2,33.1,#
1991,10,3,32.3,C
1991,10,4,30.9,C
1991,10,5,27.9,C
1991,10,6,28.3,#
1991,10,7,27.8,#
1991,10,8,29.7,#
1991,10,9,28.9,#
1991,10,10,31.0,#
1991,10,11,31.7,#
1991,10,12,32.2,#
1991,10,13,32.3,#
1991,10,14,26.7,#
1991,10,15,25.3,C
1991,10,16,29.3,C
1991,10,17,24.9,#
1991,10,18,26.0,#
1991,10,19,27.5,#
1991,10,20,26.3,#
1991,10,21,25.1,#
1991,10,22,25.8,#
1991,10,23,26.0,#
1991,10,24,28.4,C
1991,10,25,27.9,#
1991,10,26,28.9,C
1991,10,27,25.8,#
1991,10,28,21.5,#
1991,10,29,24.4,#
1991,10,30,24.7,#
1991,10,31,26.3,#
1991,11,1,25.8,#
1991,11,2,26.4,#
1991,11,3,25.7,#
1991,11,4,26.0,#
1991,11,5,24.9,#
1991,11,6,24.2,#
1991,11,7,27.2,#
1991,11,8,27.0,C
1991,11,9,24.3,C
1991,11,10,23.4,#
1991,11,11,22.5,#
1991,11,12,21.4,#
1991,11,13,24.0,#
1991,11,14,23.0,#
1991,11,15,22.2,#
1991,11,16,22.5,C
1991,11,17,23.2,#
1991,11,18,24.0,#
1991,11,19,22.8,#
1991,11,20,23.5,C
1991,11,21,20.0,#
1991,11,22,24.0,#
1991,11,23,26.4,#
1991,11,24,22.4,#
1991,11,25,19.2,C
1991,11,26,19.8,#
1991,11,27,21.9,#
1991,11,28,23.9,#
1991,11,29,21.1,#
1991,11,30,21.1,C
1991,12,1,21.8,#
1991,12,2,20.9,#
1991,12,3,22.5,#
1991,12,4,21.0,#
1991,12,5,21.4,#
1991,12,6,22.9,C
1991,12,7,22.0,#
1991,12,8,23.0,#
1991,12,9,19.2,C
1991,12,10,20.1,C
1991,12,11,24.8,#
1991,12,12,18.9,#
1991,12,13,20.5,#
1991,12,14,19.4,C
1991,12,15,20.0,#
1991,12,16,24.3,#
1991,12,17,23.6,#
1991,12,18,22.3,#
1991,12,19,20.7,C
1991,12,20,19.2,#
1991,12,21,20.7,#
1991,12,22,19.0,#
1991,12,23,19.6,#
1991,12,24,22.0,#
1991,12,25,25.9,#
1991,12,26,21.0,#
1991,12,27,18.6,#
1991,12,28,9.6,#
1991,12,29,10.0,#
1991,12,30,12.1,C
1991,12,31,15.1,C
1992,1,1,18.4,#
1992,1,2,16.3,C
1992,1,3,17.6,#
1992,1,4,17.2,#
1992,1,5,16.9,#
1992,1,6,20.4,#
1992,1,7,19.0,#
1992,1,8,17.4,#
1992,1,9,17.4,#
1992,1,10,15.7,#
1992,1,11,17.6,#
1992,1,12,16.8,#
1992,1,13,17.6,#
1992,1,14,13.8,#
1992,1,15,13.5,#
1992,1,16,17.0,#
1992,1,17,18.5,#
1992,1,18,16.0,#
1992,1,19,16.1,C
1992,1,20,18.6,#
1992,1,21,16.7,#
1992,1,22,18.1,#
1992,1,23,18.7,#
1992,1,24,19.7,#
1992,1,25,21.8,#
1992,1,26,18.8,#
1992,1,27,19.3,#
1992,1,28,19.5,#
1992,1,29,20.9,#
1992,1,30,24.0,#
1992,1,31,21.1,#
1992,2,1,14.7,#
1992,2,2,15.3,#
1992,2,3,20.1,#
1992,2,4,22.7,#
1992,2,5,16.1,#
1992,2,6,15.0,#
1992,2,7,14.7,#
1992,2,8,14.4,#
1992,2,9,14.3,#
1992,2,10,13.3,#
1992,2,11,13.5,#
1992,2,12,12.5,#
1992,2,13,13.4,#
1992,2,14,13.9,#
1992,2,15,17.8,#
1992,2,16,16.1,#
1992,2,17,14.2,#
1992,2,18,14.9,C
1992,2,19,14.1,#
1992,2,20,16.0,#
1992,2,21,14.6,#
1992,2,22,13.7,#
1992,2,23,18.1,#
1992,2,24,19.3,#
1992,2,25,18.4,#
1992,2,26,20.2,#
1992,2,27,19.5,#
1992,2,28,18.9,#
1992,2,29,20.4,#
1992,3,1,17.8,C
1992,3,2,18.1,#
1992,3,3,20.6,#
1992,3,4,16.4,#
1992,3,5,15.0,#
1992,3,6,12.0,#
1992,3,7,12.0,#
1992,3,8,13.8,#
1992,3,9,15.7,#
1992,3,10,15.6,#
1992,3,11,16.5,C
1992,3,12,18.0,#
1992,3,13,18.1,C
1992,3,14,20.3,C
1992,3,15,22.5,#
1992,3,16,23.4,#
1992,3,17,25.5,C
1992,3,18,18.6,#
1992,3,19,19.6,#
1992,3,20,20.1,C
1992,3,21,23.4,#
1992,3,22,17.5,#
1992,3,23,20.4,#
1992,3,24,18.9,#
1992,3,25,22.6,#
1992,3,26,23.0,#
1992,3,27,17.7,#
1992,3,28,17.3,#
1992,3,29,16.0,#
1992,3,30,18.7,#
1992,3,31,20.0,#
1992,4,1,22.7,#
1992,4,2,19.0,#
1992,4,3,18.6,#
1992,4,4,20.7,C
1992,4,5,21.1,#
1992,4,6,19.2,#
1992,4,7,***,#
1992,4,8,***,#
1992,4,9,***,#
1992,4,10,21.9,#
1992,4,11,23.5,#
1992,4,12,19.2,#
1992,4,13,20.5,#
1992,4,14,21.5,#
1992,4,15,25.2,#
1992,4,16,23.5,#
1992,4,17,21.7,#
1992,4,18,24.6,#
1992,4,19,28.5,C
1992,4,20,23.9,#
1992,4,21,24.9,#
1992,4,22,22.8,#
1992,4,23,20.8,#
1992,4,24,23.2,#
1992,4,25,27.1,#
1992,4,26,26.6,C
1992,4,27,29.9,C
1992,4,28,31.4,#
1992,4,29,30.5,C
1992,4,30,29.2,#
1992,5,1,30.4,C
1992,5,2,29.0,#
1992,5,3,25.0,#
1992,5,4,25.3,#
1992,5,5,27.9,C
1992,5,6,30.8,#
1992,5,7,26.2,#
1992,5,8,24.3,#
1992,5,9,***,#
1992,5,10,***,#
1992,5,11,***,#
1992,5,12,***,#
1992,5,13,***,#
1992,5,14,***,#
1992,5,15,***,#
1992,5,16,***,#
1992,5,17,***,#
1992,5,18,***,#
1992,5,19,***,#
1992,5,20,***,#
1992,5,21,***,#
1992,5,22,***,#
1992,5,23,***,#
1992,5,24,***,#
1992,5,25,27.9,#
1992,5,26,25.3,#
1992,5,27,27.5,#
1992,5,28,27.3,#
1992,5,29,27.6,#
1992,5,30,29.5,#
1992,5,31,29.7,#
1992,6,1,27.4,C
1992,6,2,27.8,#
1992,6,3,28.7,#
1992,6,4,31.5,C
1992,6,5,34.9,#
1992,6,6,29.9,#
1992,6,7,29.2,#
1992,6,8,24.4,#
1992,6,9,25.5,#
1992,6,10,25.2,#
1992,6,11,27.0,#
1992,6,12,29.9,#
1992,6,13,25.9,#
1992,6,14,29.7,C
1992,6,15,27.6,#
1992,6,16,31.1,#
1992,6,17,32.3,#
1992,6,18,33.8,#
1992,6,19,30.5,#
1992,6,20,29.9,#
1992,6,21,32.1,#
1992,6,22,32.1,#
1992,6,23,33.0,#
1992,6,24,34.4,#
1992,6,25,***,#
1992,6,26,***,#
1992,6,27,30.1,#
1992,6,28,28.8,#
1992,6,29,33.6,#
1992,6,30,33.2,#
1992,7,1,34.1,#
1992,7,2,33.1,#
1992,7,3,33.2,#
1992,7,4,31.3,#
1992,7,5,32.1,#
1992,7,6,31.2,#
1992,7,7,28.3,#
1992,7,8,28.4,#
1992,7,9,30.7,#
1992,7,10,31.2,#
1992,7,11,32.2,C
1992,7,12,31.1,#
1992,7,13,31.5,#
1992,7,14,33.7,#
1992,7,15,33.4,#
1992,7,16,34.8,#
1992,7,17,28.8,#
1992,7,18,27.8,#
1992,7,19,33.2,#
1992,7,20,34.3,#
1992,7,21,30.9,#
1992,7,22,29.4,#
1992,7,23,28.1,#
1992,7,24,33.1,#
1992,7,25,32.0,#
1992,7,26,31.2,#
1992,7,27,31.5,#
1992,7,28,35.2,#
1992,7,29,33.3,#
1992,7,30,31.2,#
1992,7,31,33.6,#
1992,8,1,34.6,#
1992,8,2,36.4,#
1992,8,3,35.4,#
1992,8,4,34.0,#
1992,8,5,32.4,#
1992,8,6,31.6,#
1992,8,7,32.7,#
1992,8,8,35.1,#
1992,8,9,36.9,#
1992,8,10,33.9,#
1992,8,11,34.3,#
1992,8,12,36.6,#
1992,8,13,37.0,#
1992,8,14,36.5,#
1992,8,15,34.7,C
1992,8,16,32.3,C
1992,8,17,34.1,#
1992,8,18,***,#
1992,8,19,***,#
1992,8,20,***,#
1992,8,21,***,#
1992,8,22,***,#
1992,8,23,***,#
1992,8,24,***,#
1992,8,25,***,#
1992,8,26,***,#
1992,8,27,***,#
1992,8,28,34.3,#
1992,8,29,34.9,C
1992,8,30,34.7,C
1992,8,31,33.9,C
1992,9,1,33.8,#
1992,9,2,36.9,#
1992,9,3,35.2,#
1992,9,4,33.4,C
1992,9,5,32.7,#
1992,9,6,28.2,C
1992,9,7,27.8,#
1992,9,8,33.5,#
1992,9,9,35.9,#
1992,9,10,33.4,#
1992,9,11,33.9,#
1992,9,12,32.4,C
1992,9,13,36.6,C
1992,9,14,36.4,#
1992,9,15,34.1,C
1992,9,16,36.6,C
1992,9,17,30.0,C
1992,9,18,30.6,C
1992,9,19,30.1,C
1992,9,20,31.7,C
1992,9,21,33.9,C
1992,9,22,33.2,C
1992,9,23,34.8,#
1992,9,24,36.1,#
1992,9,25,35.5,#
1992,9,26,30.2,#
1992,9,27,29.1,C
1992,9,28,31.4,#
1992,9,29,34.3,#
1992,9,30,32.2,C
1992,10,1,31.3,#
1992,10,2,32.4,C
1992,10,3,34.3,#
1992,10,4,33.0,C
1992,10,5,29.9,C
1992,10,6,28.1,#
1992,10,7,29.3,C
1992,10,8,30.2,#
1992,10,9,29.5,#
1992,10,10,31.5,#
1992,10,11,30.3,#
1992,10,12,29.7,C
1992,10,13,27.8,#
1992,10,14,26.8,C
1992,10,15,27.5,C
1992,10,16,28.5,C
1992,10,17,29.1,#
1992,10,18,27.6,C
1992,10,19,27.0,C
1992,10,20,26.3,#
1992,10,21,25.8,C
1992,10,22,26.8,C
1992,10,23,27.0,C
1992,10,24,28.6,#
1992,10,25,26.7,C
1992,10,26,26.6,#
1992,10,27,26.8,#
1992,10,28,27.6,C
1992,10,29,31.4,#
1992,10,30,28.9,#
1992,10,31,26.6,C
1992,11,1,28.7,C
1992,11,2,24.6,C
1992,11,3,25.6,#
1992,11,4,27.9,C
1992,11,5,28.0,#
1992,11,6,26.2,C
1992,11,7,25.5,C
1992,11,8,26.3,C
1992,11,9,20.2,#
1992,11,10,19.8,C
1992,11,11,19.9,#
1992,11,12,23.8,#
1992,11,13,25.1,#
1992,11,14,21.8,#
1992,11,15,25.5,C
1992,11,16,25.6,C
1992,11,17,26.6,#
1992,11,18,24.4,#
1992,11,19,27.4,#
1992,11,20,***,#
1992,11,21,20.1,#
1992,11,22,22.6,#
1992,11,23,24.9,#
1992,11,24,24.7,#
1992,11,25,24.9,C
1992,11,26,23.7,#
1992,11,27,21.2,#
1992,11,28,22.8,C
1992,11,29,23.8,C
1992,11,30,25.0,C
1992,12,1,26.2,#
1992,12,2,23.8,C
1992,12,3,21.5,C
1992,12,4,21.2,#
1992,12,5,24.2,C
1992,12,6,24.9,#
1992,12,7,26.8,C
1992,12,8,23.7,#
1992,12,9,26.3,C
1992,12,10,25.1,C
1992,12,11,22.0,#
1992,12,12,23.0,C
1992,12,13,20.9,C
1992,12,14,21.9,C
1992,12,15,15.8,C
1992,12,16,18.7,C
1992,12,17,21.0,#
1992,12,18,22.6,#
1992,12,19,22.7,#
1992,12,20,23.2,C
1992,12,21,25.5,#
1992,12,22,22.1,#
1992,12,23,20.5,#
1992,12,24,16.9,#
1992,12,25,18.3,C
1992,12,26,19.1,#
1992,12,27,22.1,#
1992,12,28,24.0,C
1992,12,29,20.3,C
1992,12,30,19.1,#
1992,12,31,20.9,#
1993,1,1,20.6,#
1993,1,2,23.7,#
1993,1,3,20.9,#
1993,1,4,24.5,#
1993,1,5,20.9,#
1993,1,6,20.6,#
1993,1,7,21.4,#
1993,1,8,19.8,#
1993,1,9,25.1,C
1993,1,10,27.3,#
1993,1,11,20.7,#
1993,1,12,21.5,#
1993,1,13,19.5,C
1993,1,14,21.7,C
1993,1,15,14.9,#
1993,1,16,11.5,C
1993,1,17,10.1,C
1993,1,18,8.9,#
1993,1,19,11.7,C
1993,1,20,13.0,C
1993,1,21,12.3,C
1993,1,22,13.4,C
1993,1,23,12.8,C
1993,1,24,14.1,#
1993,1,25,15.9,#
1993,1,26,17.6,#
1993,1,27,17.1,#
1993,1,28,14.3,#
1993,1,29,16.9,#
1993,1,30,19.2,#
1993,1,31,20.0,#
1993,2,1,18.7,#
1993,2,2,16.9,#
1993,2,3,22.7,#
1993,2,4,22.6,#
1993,2,5,23.8,#
1993,2,6,25.2,C
1993,2,7,25.8,C
1993,2,8,19.6,#
1993,2,9,22.4,C
1993,2,10,18.9,#
1993,2,11,24.8,C
1993,2,12,20.5,#
1993,2,13,20.4,#
1993,2,14,21.2,#
1993,2,15,22.2,C
1993,2,16,26.8,#
1993,2,17,22.2,#
1993,2,18,19.2,C
1993,2,19,21.1,C
1993,2,20,20.9,C
1993,2,21,23.0,C
1993,2,22,22.6,C
1993,2,23,18.3,#
1993,2,24,17.2,C
1993,2,25,17.1,#
1993,2,26,17.7,C
1993,2,27,19.8,#
1993,2,28,21.4,#
1993,3,1,16.3,#
1993,3,2,17.4,#
1993,3,3,17.9,#
1993,3,4,19.2,#
1993,3,5,20.1,#
1993,3,6,23.1,C
1993,3,7,21.5,C
1993,3,8,18.8,C
1993,3,9,19.8,C
1993,3,10,22.4,C
1993,3,11,28.3,C
1993,3,12,21.4,C
1993,3,13,20.6,C
1993,3,14,26.0,C
1993,3,15,27.3,#
1993,3,16,29.8,C
1993,3,17,18.4,#
1993,3,18,15.8,#
1993,3,19,14.4,#
1993,3,20,15.2,#
1993,3,21,17.7,#
1993,3,22,19.9,#
1993,3,23,21.5,#
1993,3,24,26.3,#
1993,3,25,28.6,#
1993,3,26,28.2,#
1993,3,27,28.7,#
1993,3,28,31.3,#
1993,3,29,24.3,#
1993,3,30,19.2,#
1993,3,31,20.9,#
1993,4,1,26.2,#
1993,4,2,24.6,#
1993,4,3,28.0,#
1993,4,4,28.7,#
1993,4,5,23.6,#
1993,4,6,19.4,#
1993,4,7,17.0,#
1993,4,8,17.9,#
1993,4,9,18.0,#
1993,4,10,20.7,#
1993,4,11,20.8,#
1993,4,12,21.7,#
1993,4,13,22.6,#
1993,4,14,22.7,#
1993,4,15,24.1,#
1993,4,16,25.9,#
1993,4,17,22.8,#
1993,4,18,21.2,#
1993,4,19,21.8,C
1993,4,20,23.4,C
1993,4,21,22.3,C
1993,4,22,27.6,C
1993,4,23,28.8,C
1993,4,24,28.4,C
1993,4,25,31.2,#
1993,4,26,21.7,#
1993,4,27,24.8,C
1993,4,28,30.9,#
1993,4,29,30.1,#
1993,4,30,25.6,#
1993,5,1,24.6,#
1993,5,2,28.7,#
1993,5,3,27.0,#
1993,5,4,22.4,#
1993,5,5,24.5,#
1993,5,6,28.1,#
1993,5,7,31.9,#
1993,5,8,33.6,#
1993,5,9,31.3,#
1993,5,10,27.7,#
1993,5,11,26.3,C
1993,5,12,29.3,#
1993,5,13,32.6,C
1993,5,14,32.6,#
1993,5,15,28.4,C
1993,5,16,27.4,#
1993,5,17,29.8,#
1993,5,18,30.7,#
1993,5,19,32.6,#
1993,5,20,33.8,#
1993,5,21,34.1,C
1993,5,22,32.7,#
1993,5,23,33.7,#
1993,5,24,26.6,C
1993,5,25,26.2,C
1993,5,26,26.3,C
1993,5,27,29.2,#
1993,5,28,32.2,#
1993,5,29,30.4,#
1993,5,30,31.0,#
1993,5,31,31.5,#
1993,6,1,30.5,#
1993,6,2,28.7,#
1993,6,3,***,#
1993,6,4,***,#
1993,6,5,***,#
1993,6,6,***,#
1993,6,7,***,#
1993,6,8,***,#
1993,6,9,***,#
1993,6,10,***,#
1993,6,11,***,#
1993,6,12,***,#
1993,6,13,***,#
1993,6,14,***,#
1993,6,15,***,#
1993,6,16,***,#
1993,6,17,***,#
1993,6,18,***,#
1993,6,19,***,#
1993,6,20,***,#
1993,6,21,***,#
1993,6,22,***,#
1993,6,23,34.9,#
1993,6,24,35.2,#
1993,6,25,34.8,#
1993,6,26,33.7,#
1993,6,27,30.4,#
1993,6,28,28.6,#
1993,6,29,29.8,#
1993,6,30,31.5,#
1993,7,1,33.8,#
1993,7,2,33.5,#
1993,7,3,33.9,#
1993,7,4,34.6,#
1993,7,5,35.4,#
1993,7,6,36.6,#
1993,7,7,29.5,#
1993,7,8,***,#
1993,7,9,***,#
1993,7,10,***,#
1993,7,11,***,#
1993,7,12,***,#
1993,7,13,***,#
1993,7,14,33.5,#
1993,7,15,35.0,#
1993,7,16,34.0,C
1993,7,17,32.5,#
1993,7,18,32.0,C
1993,7,19,32.4,#
1993,7,20,33.3,#
1993,7,21,34.7,C
1993,7,22,34.9,#
1993,7,23,36.2,#
1993,7,24,33.3,C
1993,7,25,32.8,#
1993,7,26,33.2,C
1993,7,27,34.4,C
1993,7,28,34.0,#
1993,7,29,33.3,#
1993,7,30,34.3,#
1993,7,31,29.8,C
1993,8,1,31.4,#
1993,8,2,31.7,#
1993,8,3,33.1,#
1993,8,4,33.0,#
1993,8,5,33.6,#
1993,8,6,32.3,C
1993,8,7,30.9,C
1993,8,8,31.3,C
1993,8,9,29.8,#
1993,8,10,32.5,#
1993,8,11,***,#
1993,8,12,***,#
1993,8,13,***,#
1993,8,14,***,#
1993,8,15,***,#
1993,8,16,31.5,#
1993,8,17,29.6,#
1993,8,18,32.8,C
1993,8,19,30.8,#
1993,8,20,26.9,C
1993,8,21,26.7,#
1993,8,22,29.4,#
1993,8,23,31.8,#
1993,8,24,34.2,#
1993,8,25,33.7,#
1993,8,26,33.1,#
1993,8,27,32.6,#
1993,8,28,30.5,#
1993,8,29,30.0,C
1993,8,30,29.8,C
1993,8,31,32.2,#
1993,9,1,32.4,#
1993,9,2,33.9,#
1993,9,3,35.7,#
1993,9,4,34.3,#
1993,9,5,31.5,#
1993,9,6,29.7,C
1993,9,7,30.0,#
1993,9,8,29.3,C
1993,9,9,29.8,#
1993,9,10,29.7,C
1993,9,11,34.8,#
1993,9,12,32.5,#
1993,9,13,34.8,#
1993,9,14,34.6,#
1993,9,15,34.2,C
1993,9,16,34.7,C
1993,9,17,27.6,#
1993,9,18,29.3,#
1993,9,19,31.2,#
1993,9,20,31.2,#
1993,9,21,31.8,C
1993,9,22,30.3,#
1993,9,23,26.7,#
1993,9,24,25.1,#
1993,9,25,24.3,#
1993,9,26,25.4,#
1993,9,27,29.4,#
1993,9,28,30.0,#
1993,9,29,32.6,#
1993,9,30,30.3,#
1993,10,1,26.2,#
1993,10,2,25.5,#
1993,10,3,27.0,#
1993,10,4,28.3,#
1993,10,5,29.5,#
1993,10,6,26.9,#
1993,10,7,27.0,#
1993,10,8,28.5,#
1993,10,9,29.1,#
1993,10,10,28.1,C
1993,10,11,27.0,#
1993,10,12,29.1,#
1993,10,13,24.7,#
1993,10,14,26.3,#
1993,10,15,26.8,#
1993,10,16,27.2,#
1993,10,17,28.3,C
1993,10,18,25.5,#
1993,10,19,25.3,#
1993,10,20,26.5,#
1993,10,21,26.7,#
1993,10,22,27.8,#
1993,10,23,27.3,#
1993,10,24,25.6,#
1993,10,25,25.2,#
1993,10,26,24.8,#
1993,10,27,25.2,C
1993,10,28,25.9,#
1993,10,29,***,#
1993,10,30,***,#
1993,10,31,***,#
1993,11,1,***,#
1993,11,2,23.3,#
1993,11,3,22.6,#
1993,11,4,22.4,#
1993,11,5,24.5,#
1993,11,6,24.6,C
1993,11,7,26.7,C
1993,11,8,26.7,C
1993,11,9,26.7,#
1993,11,10,27.5,#
1993,11,11,26.6,#
1993,11,12,24.9,#
1993,11,13,26.1,#
1993,11,14,24.7,#
1993,11,15,24.7,#
1993,11,16,24.6,C
1993,11,17,25.8,C
1993,11,18,23.9,C
1993,11,19,22.4,#
1993,11,20,25.1,#
1993,11,21,22.4,#
1993,11,22,16.3,#
1993,11,23,***,#
1993,11,24,16.8,#
1993,11,25,16.9,#
1993,11,26,18.5,#
1993,11,27,21.8,#
1993,11,28,19.7,#
1993,11,29,21.7,#
1993,11,30,21.6,#
1993,12,1,21.9,#
1993,12,2,20.5,#
1993,12,3,21.8,#
1993,12,4,19.4,#
1993,12,5,17.4,#
1993,12,6,18.4,#
1993,12,7,19.0,#
1993,12,8,18.7,#
1993,12,9,21.4,C
1993,12,10,21.3,C
1993,12,11,18.7,C
1993,12,12,18.1,#
1993,12,13,18.2,#
1993,12,14,15.6,#
1993,12,15,12.7,#
1993,12,16,12.7,#
1993,12,17,***,#
1993,12,18,***,#
1993,12,19,***,#
1993,12,20,17.2,#
1993,12,21,16.5,#
1993,12,22,14.6,#
1993,12,23,15.8,#
1993,12,24,17.9,#
1993,12,25,18.8,C
1993,12,26,22.2,#
1993,12,27,17.8,#
1993,12,28,17.1,#
1993,12,29,19.4,C
1993,12,30,20.9,C
1993,12,31,19.9,#
1994,1,1,17.0,#
1994,1,2,18.1,#
1994,1,3,22.3,C
1994,1,4,19.7,C
1994,1,5,19.3,#
1994,1,6,24.9,C
1994,1,7,19.2,#
1994,1,8,19.2,#
1994,1,9,22.9,C
1994,1,10,19.6,C
1994,1,11,19.0,C
1994,1,12,18.0,#
1994,1,13,17.5,#
1994,1,14,13.8,C
1994,1,15,15.6,C
1994,1,16,18.1,#
1994,1,17,21.7,#
1994,1,18,21.1,#
1994,1,19,13.9,#
1994,1,20,13.0,#
1994,1,21,12.3,#
1994,1,22,10.9,#
1994,1,23,14.8,#
1994,1,24,15.7,#
1994,1,25,17.1,#
1994,1,26,***,#
1994,1,27,***,#
1994,1,28,***,#
1994,1,29,***,#
1994,1,30,***,#
1994,1,31,***,#
1994,2,1,***,#
1994,2,2,***,#
1994,2,3,15.5,#
1994,2,4,16.8,#
1994,2,5,20.4,C
1994,2,6,19.9,#
1994,2,7,18.9,C
1994,2,8,21.7,C
1994,2,9,20.5,#
1994,2,10,16.7,#
1994,2,11,20.5,#
1994,2,12,18.5,#
1994,2,13,15.1,C
1994,2,14,17.3,C
1994,2,15,17.3,#
1994,2,16,15.9,#
1994,2,17,15.4,#
1994,2,18,15.3,#
1994,2,19,15.3,#
1994,2,20,18.6,C
1994,2,21,18.3,C
1994,2,22,16.8,C
1994,2,23,17.9,#
1994,2,24,18.2,C
1994,2,25,13.4,#
1994,2,26,13.6,C
1994,2,27,12.6,C
1994,2,28,13.8,#
1994,3,1,13.6,#
1994,3,2,13.3,#
1994,3,3,18.8,C
1994,3,4,16.7,#
1994,3,5,18.9,C
1994,3,6,19.3,#
1994,3,7,24.0,#
1994,3,8,24.8,C
1994,3,9,18.5,#
1994,3,10,16.6,#
1994,3,11,17.2,C
1994,3,12,19.2,C
1994,3,13,18.8,#
1994,3,14,12.9,#
1994,3,15,14.9,C
1994,3,16,18.0,#
1994,3,17,17.7,#
1994,3,18,16.0,#
1994,3,19,19.6,#
1994,3,20,19.1,C
1994,3,21,18.9,#
1994,3,22,16.7,#
1994,3,23,21.1,#
1994,3,24,20.6,#
1994,3,25,19.3,C
1994,3,26,22.5,#
1994,3,27,17.2,#
1994,3,28,20.7,#
1994,3,29,23.1,#
1994,3,30,20.2,#
1994,3,31,20.3,#
1994,4,1,24.3,C
1994,4,2,25.7,C
1994,4,3,24.0,C
1994,4,4,28.8,#
1994,4,5,28.1,#
1994,4,6,27.1,#
1994,4,7,28.6,#
1994,4,8,27.4,#
1994,4,9,22.5,C
1994,4,10,20.6,C
1994,4,11,22.3,C
1994,4,12,26.6,#
1994,4,13,20.5,#
1994,4,14,18.7,C
1994,4,15,24.1,#
1994,4,16,23.7,#
1994,4,17,24.9,#
1994,4,18,28.3,#
1994,4,19,31.6,#
1994,4,20,30.0,#
1994,4,21,28.7,#
1994,4,22,31.8,#
1994,4,23,32.6,#
1994,4,24,30.3,#
1994,4,25,32.4,C
1994,4,26,32.5,#
1994,4,27,31.7,#
1994,4,28,32.5,#
1994,4,29,33.1,#
1994,4,30,33.4,#
1994,5,1,33.8,C
1994,5,2,31.2,C
1994,5,3,26.5,#
1994,5,4,***,#
1994,5,5,***,#
1994,5,6,***,#
1994,5,7,***,#
1994,5,8,***,#
1994,5,9,26.2,#
1994,5,10,30.3,#
1994,5,11,32.3,C
1994,5,12,32.1,C
1994,5,13,33.2,#
1994,5,14,29.0,#
1994,5,15,29.0,#
1994,5,16,31.6,#
1994,5,17,30.2,#
1994,5,18,28.3,#
1994,5,19,26.2,#
1994,5,20,26.0,#
1994,5,21,30.6,#
1994,5,22,32.7,#
1994,5,23,34.1,#
1994,5,24,33.8,#
1994,5,25,33.0,#
1994,5,26,32.1,#
1994,5,27,31.6,#
1994,5,28,24.7,#
1994,5,29,29.1,C
1994,5,30,29.3,#
1994,5,31,25.9,C
1994,6,1,27.8,C
1994,6,2,27.8,#
1994,6,3,26.0,#
1994,6,4,26.6,C
1994,6,5,29.4,#
1994,6,6,28.3,#
1994,6,7,27.2,#
1994,6,8,27.1,#
1994,6,9,27.6,#
1994,6,10,26.6,#
1994,6,11,27.5,C
1994,6,12,29.0,C
1994,6,13,30.3,C
1994,6,14,29.7,C
1994,6,15,28.8,#
1994,6,16,28.9,#
1994,6,17,28.2,#
1994,6,18,26.7,#
1994,6,19,25.8,#
1994,6,20,29.2,#
1994,6,21,29.6,C
1994,6,22,30.5,#
1994,6,23,30.8,#
1994,6,24,28.5,#
1994,6,25,27.9,C
1994,6,26,31.0,#
1994,6,27,31.8,C
1994,6,28,31.2,#
1994,6,29,31.2,#
1994,6,30,30.0,#
1994,7,1,30.5,#
1994,7,2,34.5,C
1994,7,3,28.5,#
1994,7,4,26.8,#
1994,7,5,27.4,#
1994,7,6,29.9,C
1994,7,7,28.8,C
1994,7,8,27.3,C
1994,7,9,31.0,#
1994,7,10,32.2,#
1994,7,11,30.5,#
1994,7,12,31.1,#
1994,7,13,30.6,C
1994,7,14,28.1,C
1994,7,15,27.6,C
1994,7,16,29.6,C
1994,7,17,31.0,C
1994,7,18,30.8,C
1994,7,19,32.2,#
1994,7,20,30.0,#
1994,7,21,27.9,#
1994,7,22,26.8,#
1994,7,23,***,#
1994,7,24,***,#
1994,7,25,25.2,#
1994,7,26,26.8,C
1994,7,27,28.1,C
1994,7,28,29.4,#
1994,7,29,29.3,#
1994,7,30,28.9,C
1994,7,31,30.0,C
1994,8,1,30.8,#
1994,8,2,29.5,#
1994,8,3,30.5,#
1994,8,4,27.8,#
1994,8,5,28.3,C
1994,8,6,27.3,C
1994,8,7,26.8,#
1994,8,8,26.1,#
1994,8,9,27.4,C
1994,8,10,27.7,#
1994,8,11,28.9,#
1994,8,12,29.0,#
1994,8,13,27.4,#
1994,8,14,29.3,#
1994,8,15,25.3,#
1994,8,16,25.1,#
1994,8,17,26.4,C
1994,8,18,30.9,C
1994,8,19,30.3,#
1994,8,20,29.6,C
1994,8,21,31.4,C
1994,8,22,32.6,C
1994,8,23,32.5,#
1994,8,24,31.0,#
1994,8,25,33.9,#
1994,8,26,26.7,#
1994,8,27,***,#
1994,8,28,***,#
1994,8,29,***,#
1994,8,30,***,#
1994,8,31,***,#
1994,9,1,***,#
1994,9,2,31.5,#
1994,9,3,30.5,#
1994,9,4,30.1,C
1994,9,5,29.5,#
1994,9,6,30.6,C
1994,9,7,30.9,#
1994,9,8,29.4,C
1994,9,9,32.1,C
1994,9,10,32.7,#
1994,9,11,***,#
1994,9,12,25.6,#
1994,9,13,26.7,#
1994,9,14,26.0,#
1994,9,15,27.1,#
1994,9,16,28.4,#
1994,9,17,30.6,#
1994,9,18,25.2,#
1994,9,19,29.0,#
1994,9,20,28.4,#
1994,9,21,30.3,#
1994,9,22,33.1,#
1994,9,23,27.8,#
1994,9,24,26.7,#
1994,9,25,27.2,#
1994,9,26,30.1,#
1994,9,27,28.5,#
1994,9,28,28.6,C
1994,9,29,28.8,#
1994,9,30,29.4,#
1994,10,1,29.9,#
1994,10,2,28.8,#
1994,10,3,29.2,#
1994,10,4,30.7,#
1994,10,5,29.0,#
1994,10,6,26.9,#
1994,10,7,28.4,#
1994,10,8,29.3,#
1994,10,9,31.7,#
1994,10,10,30.9,C
1994,10,11,30.2,#
1994,10,12,32.8,#
1994,10,13,30.0,#
1994,10,14,***,#
1994,10,15,***,#
1994,10,16,***,#
1994,10,17,34.0,#
1994,10,18,28.0,#
1994,10,19,28.7,#
1994,10,20,22.5,#
1994,10,21,21.2,#
1994,10,22,21.8,#
1994,10,23,23.2,#
1994,10,24,24.0,#
1994,10,25,24.7,#
1994,10,26,27.2,#
1994,10,27,27.9,#
1994,10,28,30.1,#
1994,10,29,28.1,#
1994,10,30,24.6,#
1994,10,31,23.8,#
1994,11,1,24.0,#
1994,11,2,26.7,#
1994,11,3,28.1,#
1994,11,4,24.3,#
1994,11,5,26.5,#
1994,11,6,27.7,#
1994,11,7,27.5,#
1994,11,8,23.5,#
1994,11,9,25.4,#
1994,11,10,26.6,#
1994,11,11,25.9,#
1994,11,12,24.9,#
1994,11,13,24.0,#
1994,11,14,25.0,#
1994,11,15,26.2,#
1994,11,16,27.2,#
1994,11,17,26.5,#
1994,11,18,25.9,#
1994,11,19,24.0,#
1994,11,20,23.4,#
1994,11,21,26.0,#
1994,11,22,23.0,#
1994,11,23,22.4,#
1994,11,24,25.8,#
1994,11,25,23.7,#
1994,11,26,27.7,#
1994,11,27,24.4,#
1994,11,28,26.6,#
1994,11,29,28.2,#
1994,11,30,22.5,#
1994,12,1,24.2,#
1994,12,2,25.0,#
1994,12,3,21.1,#
1994,12,4,20.9,#
1994,12,5,20.8,#
1994,12,6,22.1,#
1994,12,7,20.0,#
1994,12,8,***,#
1994,12,9,***,#
1994,12,10,***,#
1994,12,11,***,#
1994,12,12,***,#
1994,12,13,***,#
1994,12,14,19.1,#
1994,12,15,19.0,#
1994,12,16,19.0,#
1994,12,17,20.9,#
1994,12,18,19.2,C
1994,12,19,18.3,C
1994,12,20,19.4,#
1994,12,21,16.4,C
1994,12,22,18.9,#
1994,12,23,20.5,#
1994,12,24,19.4,#
1994,12,25,17.7,#
1994,12,26,***,#
1994,12,27,***,#
1994,12,28,***,#
1994,12,29,***,#
1994,12,30,***,#
1994,12,31,***,#
1995,1,1,***,#
1995,1,2,***,#
1995,1,3,***,#
1995,1,4,15.3,#
1995,1,5,15.3,#
1995,1,6,16.8,#
1995,1,7,18.7,C
1995,1,8,21.7,C
1995,1,9,25.1,#
1995,1,10,17.8,C
1995,1,11,18.3,#
1995,1,12,18.5,#
1995,1,13,16.5,C
1995,1,14,15.5,#
1995,1,15,16.4,C
1995,1,16,21.3,C
1995,1,17,17.9,#
1995,1,18,17.5,#
1995,1,19,22.1,#
1995,1,20,19.5,#
1995,1,21,18.6,#
1995,1,22,24.7,C
1995,1,23,19.1,C
1995,1,24,13.9,C
1995,1,25,17.2,C
1995,1,26,17.2,#
1995,1,27,13.6,#
1995,1,28,12.5,#
1995,1,29,13.2,C
1995,1,30,12.9,#
1995,1,31,13.7,#
1995,2,1,13.8,#
1995,2,2,15.8,C
1995,2,3,15.2,#
1995,2,4,15.0,C
1995,2,5,15.0,C
1995,2,6,15.7,#
1995,2,7,16.8,C
1995,2,8,21.9,#
1995,2,9,22.5,C
1995,2,10,18.6,#
1995,2,11,17.2,C
1995,2,12,22.2,#
1995,2,13,19.7,#
1995,2,14,15.3,#
1995,2,15,14.0,#
1995,2,16,14.8,#
1995,2,17,13.8,#
1995,2,18,15.6,#
1995,2,19,15.5,#
1995,2,20,14.3,#
1995,2,21,13.5,#
1995,2,22,13.3,#
1995,2,23,13.4,#
1995,2,24,13.8,#
1995,2,25,13.5,#
1995,2,26,12.2,#
1995,2,27,12.9,#
1995,2,28,16.2,#
1995,3,1,13.6,#
1995,3,2,14.5,#
1995,3,3,20.5,#
1995,3,4,19.2,#
1995,3,5,15.9,#
1995,3,6,15.7,#
1995,3,7,19.2,#
1995,3,8,19.0,#
1995,3,9,18.0,#
1995,3,10,23.2,#
1995,3,11,15.3,#
1995,3,12,15.2,#
1995,3,13,14.5,#
1995,3,14,15.2,#
1995,3,15,16.9,#
1995,3,16,19.2,#
1995,3,17,24.6,#
1995,3,18,13.9,#
1995,3,19,15.2,C
1995,3,20,16.6,#
1995,3,21,20.8,#
1995,3,22,23.8,#
1995,3,23,19.0,#
1995,3,24,21.6,#
1995,3,25,19.5,#
1995,3,26,18.3,#
1995,3,27,15.8,#
1995,3,28,16.9,C
1995,3,29,19.6,C
1995,3,30,22.9,#
1995,3,31,21.9,#
1995,4,1,16.0,#
1995,4,2,15.1,#
1995,4,3,15.2,#
1995,4,4,15.2,#
1995,4,5,16.7,C
1995,4,6,18.7,#
1995,4,7,18.1,#
1995,4,8,20.3,#
1995,4,9,26.1,C
1995,4,10,22.7,C
1995,4,11,23.0,C
1995,4,12,20.0,C
1995,4,13,20.7,C
1995,4,14,23.8,#
1995,4,15,29.9,#
1995,4,16,29.7,#
1995,4,17,30.8,#
1995,4,18,28.4,#
1995,4,19,29.0,#
1995,4,20,19.5,#
1995,4,21,21.3,#
1995,4,22,28.7,#
1995,4,23,28.7,#
1995,4,24,25.3,#
1995,4,25,26.9,#
1995,4,26,25.5,#
1995,4,27,25.7,#
1995,4,28,27.8,#
1995,4,29,30.1,C
1995,4,30,32.4,#
1995,5,1,32.1,C
1995,5,2,32.8,#
1995,5,3,31.4,#
1995,5,4,26.2,#
1995,5,5,22.6,#
1995,5,6,26.5,#
1995,5,7,27.3,#
1995,5,8,25.1,#
1995,5,9,23.8,#
1995,5,10,28.1,#
1995,5,11,24.6,#
1995,5,12,23.8,#
1995,5,13,26.5,#
1995,5,14,30.0,#
1995,5,15,26.1,C
1995,5,16,20.9,#
1995,5,17,22.9,#
1995,5,18,25.6,#
1995,5,19,29.9,#
1995,5,20,31.8,#
1995,5,21,29.9,C
1995,5,22,24.2,C
1995,5,23,22.5,#
1995,5,24,23.9,C
1995,5,25,29.9,C
1995,5,26,33.6,#
1995,5,27,33.4,#
1995,5,28,31.3,C
1995,5,29,34.5,#
1995,5,30,32.6,#
1995,5,31,31.7,#
1995,6,1,31.6,C
1995,6,2,33.0,#
1995,6,3,35.9,#
1995,6,4,35.7,#
1995,6,5,29.4,C
1995,6,6,28.5,#
1995,6,7,27.3,#
1995,6,8,28.1,#
1995,6,9,28.7,#
1995,6,10,30.9,C
1995,6,11,25.1,#
1995,6,12,30.1,#
1995,6,13,30.6,C
1995,6,14,30.3,#
1995,6,15,29.8,#
1995,6,16,29.7,#
1995,6,17,29.7,#
1995,6,18,28.9,#
1995,6,19,31.3,#
1995,6,20,31.0,#
1995,6,21,30.6,#
1995,6,22,31.0,#
1995,6,23,31.6,#
1995,6,24,31.4,#
1995,6,25,31.0,#
1995,6,26,30.9,#
1995,6,27,31.0,#
1995,6,28,31.2,C
1995,6,29,31.3,C
1995,6,30,31.2,C
1995,7,1,32.2,C
1995,7,2,26.4,#
1995,7,3,25.8,C
1995,7,4,26.1,#
1995,7,5,28.6,#
1995,7,6,32.2,#
1995,7,7,31.1,#
1995,7,8,29.7,C
1995,7,9,28.7,C
1995,7,10,30.5,C
1995,7,11,32.0,C
1995,7,12,27.9,#
1995,7,13,25.8,C
1995,7,14,25.2,C
1995,7,15,26.0,#
1995,7,16,29.2,C
1995,7,17,31.3,C
1995,7,18,32.0,#
1995,7,19,30.6,C
1995,7,20,29.8,C
1995,7,21,29.7,#
1995,7,22,30.4,#
1995,7,23,31.1,#
1995,7,24,32.4,#
1995,7,25,31.0,#
1995,7,26,26.8,#
1995,7,27,25.1,C
1995,7,28,31.0,C
1995,7,29,31.2,C
1995,7,30,33.0,#
1995,7,31,28.3,C
1995,8,1,27.0,#
1995,8,2,27.1,C
1995,8,3,25.9,#
1995,8,4,24.5,#
1995,8,5,25.6,C
1995,8,6,25.5,#
1995,8,7,25.8,C
1995,8,8,31.6,#
1995,8,9,31.6,C
1995,8,10,32.7,#
1995,8,11,26.7,C
1995,8,12,25.5,#
1995,8,13,25.4,#
1995,8,14,***,#
1995,8,15,***,#
1995,8,16,28.6,#
1995,8,17,30.2,#
1995,8,18,30.4,#
1995,8,19,30.1,#
1995,8,20,31.2,#
1995,8,21,30.5,#
1995,8,22,31.9,C
1995,8,23,33.1,#
1995,8,24,31.2,#
1995,8,25,33.9,#
1995,8,26,29.3,#
1995,8,27,28.0,C
1995,8,28,27.8,C
1995,8,29,30.1,#
1995,8,30,32.7,#
1995,8,31,28.2,#
1995,9,1,27.9,#
1995,9,2,30.0,#
1995,9,3,***,#
1995,9,4,29.8,#
1995,9,5,***,#
1995,9,6,***,#
1995,9,7,***,#
1995,9,8,***,#
1995,9,9,***,#
1995,9,10,***,#
1995,9,11,***,#
1995,9,12,***,#
1995,9,13,***,#
1995,9,14,***,#
1995,9,15,***,#
1995,9,16,***,#
1995,9,17,***,#
1995,9,18,***,#
1995,9,19,***,#
1995,9,20,***,#
1995,9,21,24.8,#
1995,9,22,29.8,#
1995,9,23,31.2,#
1995,9,24,31.4,#
1995,9,25,29.9,#
1995,9,26,29.1,#
1995,9,27,28.3,#
1995,9,28,28.2,#
1995,9,29,29.9,#
1995,9,30,28.4,#
1995,10,1,29.6,C
1995,10,2,26.2,C
1995,10,3,26.3,C
1995,10,4,29.5,#
1995,10,5,25.1,#
1995,10,6,26.5,#
1995,10,7,26.3,#
1995,10,8,29.0,#
1995,10,9,27.9,#
1995,10,10,27.9,#
1995,10,11,25.7,#
1995,10,12,24.9,#
1995,10,13,26.7,#
1995,10,14,25.3,#
1995,10,15,24.6,#
1995,10,16,26.5,#
1995,10,17,26.1,C
1995,10,18,29.2,#
1995,10,19,27.8,C
1995,10,20,27.9,#
1995,10,21,28.4,#
1995,10,22,26.6,#
1995,10,23,27.8,#
1995,10,24,27.6,#
1995,10,25,25.3,#
1995,10,26,23.9,#
1995,10,27,25.2,#
1995,10,28,27.1,C
1995,10,29,27.3,#
1995,10,30,26.4,C
1995,10,31,26.9,#
1995,11,1,24.5,#
1995,11,2,23.2,#
1995,11,3,25.3,#
1995,11,4,24.1,#
1995,11,5,22.1,#
1995,11,6,22.8,#
1995,11,7,27.7,#
1995,11,8,23.2,#
1995,11,9,24.2,#
1995,11,10,26.2,C
1995,11,11,23.7,C
1995,11,12,23.8,C
1995,11,13,24.7,C
1995,11,14,21.7,C
1995,11,15,19.4,#
1995,11,16,23.5,#
1995,11,17,24.0,#
1995,11,18,24.2,#
1995,11,19,25.9,C
1995,11,20,22.2,C
1995,11,21,21.0,#
1995,11,22,23.7,#
1995,11,23,20.3,#
1995,11,24,***,#
1995,11,25,***,#
1995,11,26,***,#
1995,11,27,***,#
1995,11,28,***,#
1995,11,29,21.9,#
1995,11,30,23.2,#
1995,12,1,21.4,#
1995,12,2,21.2,#
1995,12,3,23.2,C
1995,12,4,20.6,#
1995,12,5,18.8,#
1995,12,6,17.4,#
1995,12,7,17.4,#
1995,12,8,16.8,#
1995,12,9,17.6,C
1995,12,10,18.7,C
1995,12,11,22.4,#
1995,12,12,23.5,#
1995,12,13,20.1,#
1995,12,14,19.6,#
1995,12,15,19.0,#
1995,12,16,***,#
1995,12,17,***,#
1995,12,18,***,#
1995,12,19,***,#
1995,12,20,***,#
1995,12,21,***,#
1995,12,22,***,#
1995,12,23,***,#
1995,12,24,***,#
1995,12,25,***,#
1995,12,26,***,#
1995,12,27,18.0,#
1995,12,28,17.0,#
1995,12,29,13.4,#
1995,12,30,***,#
1995,12,31,***,#
1996,1,1,***,#
1996,1,2,22.5,#
1996,1,3,22.0,#
1996,1,4,19.3,#
1996,1,5,20.7,C
1996,1,6,21.7,#
1996,1,7,22.6,#
1996,1,8,19.1,#
1996,1,9,15.2,#
1996,1,10,20.7,#
1996,1,11,17.8,#
1996,1,12,17.8,C
1996,1,13,19.6,C
1996,1,14,22.3,#
1996,1,15,22.6,#
1996,1,16,18.7,#
1996,1,17,18.2,#
1996,1,18,25.4,#
1996,1,19,16.1,#
1996,1,20,19.6,#
1996,1,21,18.3,#
1996,1,22,22.3,#
1996,1,23,21.8,#
1996,1,24,17.9,#
1996,1,25,23.6,#
1996,1,26,15.2,C
1996,1,27,15.5,C
1996,1,28,16.5,#
1996,1,29,16.8,#
1996,1,30,16.5,#
1996,1,31,21.8,C
1996,2,1,19.2,#
1996,2,2,18.1,#
1996,2,3,16.5,#
1996,2,4,21.9,#
1996,2,5,19.3,#
1996,2,6,16.5,#
1996,2,7,17.5,C
1996,2,8,23.0,C
1996,2,9,20.0,C
1996,2,10,18.0,C
1996,2,11,18.0,C
1996,2,12,24.7,#
1996,2,13,27.6,#
1996,2,14,19.7,#
1996,2,15,***,#
1996,2,16,***,#
1996,2,17,***,#
1996,2,18,***,#
1996,2,19,***,#
1996,2,20,***,#
1996,2,21,***,#
1996,2,22,9.3,#
1996,2,23,***,#
1996,2,24,***,#
1996,2,25,***,#
1996,2,26,***,#
1996,2,27,***,#
1996,2,28,14.7,#
1996,2,29,17.9,#
1996,3,1,23.6,C
1996,3,2,20.3,#
1996,3,3,21.1,#
1996,3,4,21.1,#
1996,3,5,20.9,#
1996,3,6,24.4,#
1996,3,7,30.2,#
1996,3,8,26.5,#
1996,3,9,19.4,#
1996,3,10,12.5,#
1996,3,11,14.5,#
1996,3,12,14.4,#
1996,3,13,17.3,#
1996,3,14,20.8,#
1996,3,15,25.1,#
1996,3,16,23.1,C
1996,3,17,29.4,C
1996,3,18,26.6,#
1996,3,19,16.9,#
1996,3,20,17.7,#
1996,3,21,18.5,#
1996,3,22,19.6,#
1996,3,23,18.1,#
1996,3,24,21.5,#
1996,3,25,23.4,#
1996,3,26,19.0,#
1996,3,27,22.1,#
1996,3,28,20.0,#
1996,3,29,22.5,#
1996,3,30,25.2,#
1996,3,31,25.5,C
1996,4,1,23.6,#
1996,4,2,14.6,#
1996,4,3,12.9,#
1996,4,4,14.9,#
1996,4,5,16.3,#
1996,4,6,20.1,#
1996,4,7,22.4,#
1996,4,8,20.7,#
1996,4,9,19.6,#
1996,4,10,18.3,#
1996,4,11,17.9,#
1996,4,12,17.6,#
1996,4,13,18.4,#
1996,4,14,22.1,#
1996,4,15,22.1,#
1996,4,16,26.3,#
1996,4,17,23.5,#
1996,4,18,26.5,#
1996,4,19,23.1,#
1996,4,20,18.5,#
1996,4,21,20.2,#
1996,4,22,22.7,#
1996,4,23,22.3,#
1996,4,24,23.6,#
1996,4,25,26.8,#
1996,4,26,27.2,#
1996,4,27,26.1,#
1996,4,28,28.1,#
1996,4,29,30.5,#
1996,4,30,26.5,#
1996,5,1,24.8,#
1996,5,2,30.6,C
1996,5,3,24.2,#
1996,5,4,28.7,#
1996,5,5,24.5,#
1996,5,6,22.2,#
1996,5,7,26.4,#
1996,5,8,23.8,#
1996,5,9,22.5,#
1996,5,10,21.7,#
1996,5,11,22.2,#
1996,5,12,27.8,#
1996,5,13,27.0,#
1996,5,14,26.0,#
1996,5,15,25.3,#
1996,5,16,28.2,#
1996,5,17,24.8,#
1996,5,18,26.3,#
1996,5,19,26.6,#
1996,5,20,28.1,#
1996,5,21,28.9,#
1996,5,22,29.3,#
1996,5,23,29.6,#
1996,5,24,28.9,#
1996,5,25,28.4,#
1996,5,26,24.9,#
1996,5,27,26.2,#
1996,5,28,29.4,#
1996,5,29,25.0,#
1996,5,30,27.7,C
1996,5,31,30.4,#
1996,6,1,32.1,#
1996,6,2,32.8,#
1996,6,3,31.4,#
1996,6,4,30.6,#
1996,6,5,31.1,#
1996,6,6,31.1,#
1996,6,7,31.1,#
1996,6,8,34.5,#
1996,6,9,30.7,#
1996,6,10,32.3,C
1996,6,11,33.9,#
1996,6,12,33.1,#
1996,6,13,34.0,#
1996,6,14,33.6,C
1996,6,15,28.3,#
1996,6,16,28.0,#
1996,6,17,31.1,#
1996,6,18,31.2,#
1996,6,19,30.5,#
1996,6,20,30.0,#
1996,6,21,29.4,#
1996,6,22,26.1,#
1996,6,23,24.1,#
1996,6,24,***,#
1996,6,25,29.0,#
1996,6,26,31.7,#
1996,6,27,32.2,#
1996,6,28,28.9,#
1996,6,29,31.2,#
1996,6,30,30.4,#
1996,7,1,29.9,#
1996,7,2,32.6,#
1996,7,3,31.3,#
1996,7,4,34.4,#
1996,7,5,33.9,#
1996,7,6,31.6,#
1996,7,7,31.5,#
1996,7,8,30.5,#
1996,7,9,30.7,#
1996,7,10,30.8,#
1996,7,11,31.0,#
1996,7,12,27.6,#
1996,7,13,33.3,#
1996,7,14,33.4,#
1996,7,15,33.7,#
1996,7,16,33.7,#
1996,7,17,34.1,#
1996,7,18,32.8,#
1996,7,19,28.4,#
1996,7,20,31.4,#
1996,7,21,29.7,#
1996,7,22,29.6,#
1996,7,23,27.4,#
1996,7,24,31.9,#
1996,7,25,31.5,#
1996,7,26,32.9,#
1996,7,27,28.5,#
1996,7,28,30.9,#
1996,7,29,31.1,#
1996,7,30,28.5,#
1996,7,31,30.4,#
1996,8,1,30.1,#
1996,8,2,28.3,#
1996,8,3,28.8,#
1996,8,4,29.3,#
1996,8,5,28.3,#
1996,8,6,30.7,#
1996,8,7,29.4,#
1996,8,8,30.8,#
1996,8,9,30.7,#
1996,8,10,32.1,#
1996,8,11,***,#
1996,8,12,31.5,#
1996,8,13,29.6,#
1996,8,14,31.2,#
1996,8,15,28.5,#
1996,8,16,25.4,#
1996,8,17,***,#
1996,8,18,***,#
1996,8,19,***,#
1996,8,20,***,#
1996,8,21,***,#
1996,8,22,***,#
1996,8,23,***,#
1996,8,24,29.2,#
1996,8,25,28.2,#
1996,8,26,33.2,#
1996,8,27,29.7,#
1996,8,28,29.7,#
1996,8,29,29.5,#
1996,8,30,29.9,#
1996,8,31,31.9,#
1996,9,1,35.2,#
1996,9,2,35.5,#
1996,9,3,33.8,#
1996,9,4,24.4,#
1996,9,5,***,#
1996,9,6,***,#
1996,9,7,***,#
1996,9,8,***,#
1996,9,9,***,#
1996,9,10,***,#
1996,9,11,32.3,#
1996,9,12,30.2,#
1996,9,13,28.8,#
1996,9,14,27.2,#
1996,9,15,26.5,#
1996,9,16,31.9,#
1996,9,17,31.5,#
1996,9,18,30.5,#
1996,9,19,29.0,#
1996,9,20,28.8,#
1996,9,21,27.4,#
1996,9,22,28.2,#
1996,9,23,27.3,#
1996,9,24,25.6,#
1996,9,25,26.2,#
1996,9,26,28.7,#
1996,9,27,31.6,#
1996,9,28,28.3,#
1996,9,29,30.5,#
1996,9,30,31.9,#
1996,10,1,27.3,C
1996,10,2,31.0,#
1996,10,3,30.3,#
1996,10,4,31.4,#
1996,10,5,29.7,#
1996,10,6,31.6,#
1996,10,7,32.8,#
1996,10,8,29.8,#
1996,10,9,25.7,#
1996,10,10,28.1,#
1996,10,11,29.5,#
1996,10,12,29.1,#
1996,10,13,27.5,#
1996,10,14,25.8,#
1996,10,15,28.3,#
1996,10,16,26.6,#
1996,10,17,28.6,#
1996,10,18,30.2,#
1996,10,19,28.7,#
1996,10,20,23.7,#
1996,10,21,24.4,#
1996,10,22,26.9,#
1996,10,23,27.3,#
1996,10,24,28.8,#
1996,10,25,29.1,#
1996,10,26,25.1,#
1996,10,27,25.3,#
1996,10,28,29.1,#
1996,10,29,26.6,#
1996,10,30,28.5,#
1996,10,31,29.6,#
1996,11,1,28.2,#
1996,11,2,25.9,#
1996,11,3,24.6,#
1996,11,4,26.4,#
1996,11,5,29.0,#
1996,11,6,***,#
1996,11,7,26.8,#
1996,11,8,28.7,#
1996,11,9,26.3,#
1996,11,10,25.2,#
1996,11,11,25.4,#
1996,11,12,25.4,#
1996,11,13,21.5,#
1996,11,14,23.8,#
1996,11,15,21.9,#
1996,11,16,20.5,#
1996,11,17,23.0,#
1996,11,18,17.4,#
1996,11,19,19.8,#
1996,11,20,21.8,#
1996,11,21,24.8,#
1996,11,22,24.7,#
1996,11,23,25.3,#
1996,11,24,23.6,#
1996,11,25,23.0,#
1996,11,26,25.1,#
1996,11,27,25.1,#
1996,11,28,22.0,#
1996,11,29,25.9,#
1996,11,30,19.4,#
1996,12,1,19.1,#
1996,12,2,17.0,#
1996,12,3,18.6,#
1996,12,4,20.4,#
1996,12,5,19.8,#
1996,12,6,16.4,#
1996,12,7,17.5,#
1996,12,8,16.9,#
1996,12,9,16.4,#
1996,12,10,19.4,#
1996,12,11,20.4,#
1996,12,12,20.6,#
1996,12,13,23.2,C
1996,12,14,20.7,#
1996,12,15,20.5,C
1996,12,16,22.8,#
1996,12,17,26.1,#
1996,12,18,18.9,#
1996,12,19,17.6,#
1996,12,20,18.3,#
1996,12,21,19.3,#
1996,12,22,21.1,#
1996,12,23,21.3,#
1996,12,24,22.2,#
1996,12,25,21.5,#
1996,12,26,20.9,#
1996,12,27,22.4,#
1996,12,28,20.8,#
1996,12,29,21.3,#
1996,12,30,21.3,#
1996,12,31,21.1,#
1997,1,1,23.7,#
1997,1,2,19.9,#
1997,1,3,16.5,C
1997,1,4,18.1,#
1997,1,5,16.6,#
1997,1,6,16.7,#
1997,1,7,16.8,#
1997,1,8,15.4,#
1997,1,9,13.6,#
1997,1,10,15.8,#
1997,1,11,20.0,#
1997,1,12,18.2,#
1997,1,13,16.5,#
1997,1,14,20.4,C
1997,1,15,18.6,#
1997,1,16,20.4,#
1997,1,17,20.1,#
1997,1,18,22.5,#
1997,1,19,17.4,#
1997,1,20,20.5,#
1997,1,21,20.3,#
1997,1,22,17.9,#
1997,1,23,19.5,#
1997,1,24,12.3,#
1997,1,25,11.5,C
1997,1,26,17.9,C
1997,1,27,19.0,C
1997,1,28,21.8,#
1997,1,29,23.0,#
1997,1,30,21.4,#
1997,1,31,24.8,#
1997,2,1,18.8,#
1997,2,2,17.3,#
1997,2,3,15.7,#
1997,2,4,15.5,#
1997,2,5,15.0,#
1997,2,6,14.4,#
1997,2,7,15.4,#
1997,2,8,18.4,#
1997,2,9,16.6,#
1997,2,10,15.0,#
1997,2,11,14.7,#
1997,2,12,14.3,#
1997,2,13,13.4,#
1997,2,14,13.3,#
1997,2,15,13.7,#
1997,2,16,13.2,#
1997,2,17,12.9,#
1997,2,18,14.6,#
1997,2,19,18.8,#
1997,2,20,21.5,#
1997,2,21,20.6,#
1997,2,22,18.8,#
1997,2,23,17.7,#
1997,2,24,19.9,#
1997,2,25,21.0,#
1997,2,26,22.9,#
1997,2,27,19.9,#
1997,2,28,22.6,#
1997,3,1,27.1,#
1997,3,2,19.6,#
1997,3,3,19.5,#
1997,3,4,22.4,#
1997,3,5,21.5,#
1997,3,6,23.8,#
1997,3,7,24.0,#
1997,3,8,22.9,#
1997,3,9,19.4,#
1997,3,10,23.5,#
1997,3,11,22.5,#
1997,3,12,20.6,#
1997,3,13,23.2,#
1997,3,14,24.7,#
1997,3,15,29.7,#
1997,3,16,20.8,#
1997,3,17,17.9,#
1997,3,18,17.9,#
1997,3,19,22.5,#
1997,3,20,17.9,#
1997,3,21,17.7,#
1997,3,22,20.9,#
1997,3,23,16.1,#
1997,3,24,17.5,#
1997,3,25,17.6,#
1997,3,26,23.2,#
1997,3,27,19.3,#
1997,3,28,17.5,#
1997,3,29,20.9,#
1997,3,30,24.8,#
1997,3,31,21.5,#
1997,4,1,19.0,#
1997,4,2,21.8,#
1997,4,3,24.7,#
1997,4,4,***,#
1997,4,5,***,#
1997,4,6,19.3,#
1997,4,7,***,#
1997,4,8,22.7,#
1997,4,9,21.9,#
1997,4,10,19.9,#
1997,4,11,23.6,#
1997,4,12,23.9,#
1997,4,13,21.3,#
1997,4,14,22.1,#
1997,4,15,28.9,#
1997,4,16,22.4,#
1997,4,17,21.7,#
1997,4,18,25.5,#
1997,4,19,22.9,#
1997,4,20,21.8,#
1997,4,21,27.5,#
1997,4,22,28.8,#
1997,4,23,23.4,#
1997,4,24,21.6,#
1997,4,25,20.9,#
1997,4,26,23.1,#
1997,4,27,26.2,#
1997,4,28,29.4,#
1997,4,29,32.3,#
1997,4,30,31.0,#
1997,5,1,25.6,#
1997,5,2,28.0,#
1997,5,3,27.9,#
1997,5,4,23.9,#
1997,5,5,***,#
1997,5,6,***,#
1997,5,7,***,#
1997,5,8,***,#
1997,5,9,***,#
1997,5,10,***,#
1997,5,11,***,#
1997,5,12,***,#
1997,5,13,***,#
1997,5,14,31.7,#
1997,5,15,32.0,#
1997,5,16,30.2,#
1997,5,17,28.0,#
1997,5,18,29.8,#
1997,5,19,28.8,#
1997,5,20,29.2,#
1997,5,21,24.9,#
1997,5,22,22.3,#
1997,5,23,22.8,#
1997,5,24,23.4,#
1997,5,25,27.2,#
1997,5,26,29.1,#
1997,5,27,29.5,#
1997,5,28,28.4,#
1997,5,29,30.1,#
1997,5,30,31.2,#
1997,5,31,32.7,#
1997,6,1,30.5,#
1997,6,2,31.5,#
1997,6,3,32.2,#
1997,6,4,28.6,#
1997,6,5,***,#
1997,6,6,28.7,#
1997,6,7,29.2,#
1997,6,8,29.9,#
1997,6,9,29.5,#
1997,6,10,29.3,#
1997,6,11,27.9,#
1997,6,12,31.8,#
1997,6,13,25.2,#
1997,6,14,27.2,#
1997,6,15,24.2,#
1997,6,16,23.2,#
1997,6,17,23.3,#
1997,6,18,23.4,#
1997,6,19,25.4,#
1997,6,20,29.7,#
1997,6,21,31.5,#
1997,6,22,25.1,#
1997,6,23,29.7,#
1997,6,24,28.4,#
1997,6,25,28.4,#
1997,6,26,29.7,#
1997,6,27,32.2,#
1997,6,28,32.3,#
1997,6,29,31.7,#
1997,6,30,29.2,#
1997,7,1,26.4,#
1997,7,2,26.2,#
1997,7,3,25.7,#
1997,7,4,26.2,#
1997,7,5,27.4,#
1997,7,6,27.9,#
1997,7,7,29.7,#
1997,7,8,27.7,#
1997,7,9,27.2,#
1997,7,10,27.7,#
1997,7,11,30.9,#
1997,7,12,33.0,#
1997,7,13,31.7,#
1997,7,14,31.6,#
1997,7,15,28.3,#
1997,7,16,27.7,#
1997,7,17,25.4,#
1997,7,18,25.5,#
1997,7,19,25.5,#
1997,7,20,27.8,#
1997,7,21,29.3,#
1997,7,22,31.4,#
1997,7,23,32.4,#
1997,7,24,30.7,#
1997,7,25,30.5,#
1997,7,26,30.5,#
1997,7,27,31.8,#
1997,7,28,34.3,#
1997,7,29,34.2,#
1997,7,30,32.9,#
1997,7,31,30.2,#
1997,8,1,28.6,#
1997,8,2,25.8,#
1997,8,3,26.1,#
1997,8,4,29.5,#
1997,8,5,29.8,#
1997,8,6,30.3,#
1997,8,7,29.2,#
1997,8,8,26.0,#
1997,8,9,28.1,#
1997,8,10,28.3,#
1997,8,11,30.4,#
1997,8,12,27.4,#
1997,8,13,26.7,#
1997,8,14,28.9,#
1997,8,15,31.6,#
1997,8,16,30.7,#
1997,8,17,32.9,#
1997,8,18,31.0,#
1997,8,19,33.8,#
1997,8,20,31.0,#
1997,8,21,27.1,#
1997,8,22,26.0,#
1997,8,23,29.5,#
1997,8,24,29.1,#
1997,8,25,29.9,#
1997,8,26,28.9,#
1997,8,27,28.0,#
1997,8,28,32.1,#
1997,8,29,33.3,#
1997,8,30,30.9,#
1997,8,31,29.8,#
1997,9,1,31.0,#
1997,9,2,29.9,#
1997,9,3,28.1,#
1997,9,4,30.7,#
1997,9,5,32.8,#
1997,9,6,33.0,#
1997,9,7,25.7,#
1997,9,8,26.4,#
1997,9,9,31.9,#
1997,9,10,33.6,#
1997,9,11,33.8,C
1997,9,12,33.1,#
1997,9,13,30.9,#
1997,9,14,30.0,#
1997,9,15,30.0,#
1997,9,16,26.8,#
1997,9,17,28.2,#
1997,9,18,27.6,#
1997,9,19,25.8,#
1997,9,20,27.5,#
1997,9,21,23.2,#
1997,9,22,24.5,#
1997,9,23,25.1,#
1997,9,24,26.5,#
1997,9,25,29.0,#
1997,9,26,26.5,#
1997,9,27,26.0,#
1997,9,28,21.2,#
1997,9,29,21.1,#
1997,9,30,22.6,#
1997,10,1,26.8,#
1997,10,2,28.4,#
1997,10,3,25.3,#
1997,10,4,30.1,#
1997,10,5,30.4,#
1997,10,6,26.3,#
1997,10,7,28.5,#
1997,10,8,27.2,#
1997,10,9,26.7,#
1997,10,10,32.1,#
1997,10,11,30.6,#
1997,10,12,27.3,#
1997,10,13,29.3,#
1997,10,14,31.0,#
1997,10,15,32.3,#
1997,10,16,31.5,#
1997,10,17,29.4,#
1997,10,18,26.2,#
1997,10,19,29.9,#
1997,10,20,31.0,#
1997,10,21,30.9,#
1997,10,22,30.9,#
1997,10,23,30.9,C
1997,10,24,28.9,C
1997,10,25,27.7,#
1997,10,26,29.0,#
1997,10,27,23.4,#
1997,10,28,21.0,#
1997,10,29,25.3,#
1997,10,30,24.7,#
1997,10,31,23.7,#
1997,11,1,23.4,#
1997,11,2,24.2,C
1997,11,3,27.3,#
1997,11,4,24.9,#
1997,11,5,23.5,#
1997,11,6,22.9,#
1997,11,7,25.2,#
1997,11,8,24.6,#
1997,11,9,23.4,#
1997,11,10,25.3,#
1997,11,11,26.0,#
1997,11,12,27.9,#
1997,11,13,31.8,#
1997,11,14,33.1,#
1997,11,15,32.5,#
1997,11,16,31.2,#
1997,11,17,19.2,#
1997,11,18,19.8,#
1997,11,19,21.8,#
1997,11,20,***,#
1997,11,21,***,#
1997,11,22,***,#
1997,11,23,***,#
1997,11,24,***,#
1997,11,25,28.0,#
1997,11,26,30.8,#
1997,11,27,31.4,#
1997,11,28,27.3,#
1997,11,29,29.3,#
1997,11,30,21.4,#
1997,12,1,27.1,#
1997,12,2,16.3,#
1997,12,3,16.4,#
1997,12,4,19.6,#
1997,12,5,20.5,#
1997,12,6,24.6,#
1997,12,7,24.3,#
1997,12,8,16.4,#
1997,12,9,16.8,#
1997,12,10,16.6,#
1997,12,11,17.0,#
1997,12,12,16.1,#
1997,12,13,18.2,#
1997,12,14,20.5,#
1997,12,15,24.1,#
1997,12,16,24.9,#
1997,12,17,28.8,#
1997,12,18,22.9,C
1997,12,19,22.9,C
1997,12,20,24.1,#
1997,12,21,20.4,C
1997,12,22,19.2,#
1997,12,23,17.7,#
1997,12,24,16.8,#
1997,12,25,19.7,#
1997,12,26,19.6,#
1997,12,27,19.9,#
1997,12,28,20.3,#
1997,12,29,20.6,#
1997,12,30,21.6,#
1997,12,31,19.3,#
1998,1,1,26.6,#
1998,1,2,19.7,#
1998,1,3,19.4,#
1998,1,4,27.4,#
1998,1,5,16.9,#
1998,1,6,18.1,#
1998,1,7,19.0,#
1998,1,8,27.4,#
1998,1,9,23.7,C
1998,1,10,20.6,C
1998,1,11,23.8,#
1998,1,12,18.8,#
1998,1,13,21.4,#
1998,1,14,25.4,#
1998,1,15,16.0,#
1998,1,16,17.6,#
1998,1,17,16.9,#
1998,1,18,14.8,#
1998,1,19,12.8,#
1998,1,20,13.8,#
1998,1,21,14.9,#
1998,1,22,17.0,#
1998,1,23,17.1,#
1998,1,24,12.1,#
1998,1,25,11.0,#
1998,1,26,13.8,#
1998,1,27,14.8,#
1998,1,28,15.7,#
1998,1,29,13.5,#
1998,1,30,16.9,#
1998,1,31,18.6,#
1998,2,1,17.9,#
1998,2,2,16.1,#
1998,2,3,16.7,#
1998,2,4,16.9,C
1998,2,5,9.4,#
1998,2,6,9.4,#
1998,2,7,16.5,#
1998,2,8,16.4,#
1998,2,9,17.5,C
1998,2,10,20.9,#
1998,2,11,18.3,C
1998,2,12,23.6,#
1998,2,13,20.8,#
1998,2,14,20.6,#
1998,2,15,18.0,#
1998,2,16,17.6,#
1998,2,17,21.4,#
1998,2,18,16.4,#
1998,2,19,22.7,#
1998,2,20,24.2,#
1998,2,21,19.4,#
1998,2,22,13.9,#
1998,2,23,14.0,#
1998,2,24,14.9,#
1998,2,25,17.1,#
1998,2,26,14.9,#
1998,2,27,14.8,#
1998,2,28,14.0,#
1998,3,1,14.9,#
1998,3,2,14.9,#
1998,3,3,17.1,#
1998,3,4,18.0,#
1998,3,5,18.1,#
1998,3,6,16.3,#
1998,3,7,17.7,#
1998,3,8,20.2,#
1998,3,9,23.5,#
1998,3,10,21.8,#
1998,3,11,14.4,#
1998,3,12,14.8,#
1998,3,13,21.1,#
1998,3,14,16.5,#
1998,3,15,16.8,#
1998,3,16,17.4,#
1998,3,17,16.8,#
1998,3,18,16.7,#
1998,3,19,21.3,#
1998,3,20,21.8,#
1998,3,21,18.4,#
1998,3,22,15.0,#
1998,3,23,18.4,#
1998,3,24,20.5,#
1998,3,25,19.4,#
1998,3,26,18.8,C
1998,3,27,23.7,#
1998,3,28,24.8,#
1998,3,29,22.0,#
1998,3,30,21.1,#
1998,3,31,***,#
1998,4,1,27.3,#
1998,4,2,24.7,#
1998,4,3,21.5,#
1998,4,4,23.7,#
1998,4,5,26.7,#
1998,4,6,29.4,#
1998,4,7,29.6,#
1998,4,8,29.6,#
1998,4,9,31.9,#
1998,4,10,29.3,C
1998,4,11,29.4,#
1998,4,12,24.7,#
1998,4,13,26.0,#
1998,4,14,24.5,C
1998,4,15,25.6,#
1998,4,16,28.1,C
1998,4,17,30.8,#
1998,4,18,29.0,#
1998,4,19,24.5,#
1998,4,20,23.6,#
1998,4,21,25.6,#
1998,4,22,29.3,#
1998,4,23,29.3,#
1998,4,24,30.0,#
1998,4,25,30.5,#
1998,4,26,32.4,#
1998,4,27,23.8,#
1998,4,28,27.1,#
1998,4,29,27.5,#
1998,4,30,25.9,#
1998,5,1,31.5,#
1998,5,2,32.0,#
1998,5,3,26.2,#
1998,5,4,25.8,#
1998,5,5,27.9,#
1998,5,6,30.6,#
1998,5,7,30.7,#
1998,5,8,31.4,#
1998,5,9,30.5,#
1998,5,10,32.0,#
1998,5,11,34.8,#
1998,5,12,33.6,#
1998,5,13,35.3,#
1998,5,14,36.1,#
1998,5,15,28.0,#
1998,5,16,30.6,C
1998,5,17,26.3,#
1998,5,18,***,#
1998,5,19,***,#
1998,5,20,28.4,#
1998,5,21,26.5,#
1998,5,22,27.9,C
1998,5,23,28.8,#
1998,5,24,26.7,#
1998,5,25,22.7,#
1998,5,26,28.2,#
1998,5,27,25.4,#
1998,5,28,30.4,#
1998,5,29,33.0,#
1998,5,30,26.2,#
1998,5,31,25.8,#
1998,6,1,30.3,#
1998,6,2,30.9,#
1998,6,3,31.1,#
1998,6,4,27.8,#
1998,6,5,27.9,#
1998,6,6,23.9,#
1998,6,7,23.2,#
1998,6,8,28.9,#
1998,6,9,26.9,#
1998,6,10,29.0,#
1998,6,11,27.1,#
1998,6,12,31.3,#
1998,6,13,32.0,#
1998,6,14,32.2,#
1998,6,15,31.3,#
1998,6,16,32.5,#
1998,6,17,32.1,#
1998,6,18,32.2,#
1998,6,19,30.5,#
1998,6,20,32.1,#
1998,6,21,31.0,#
1998,6,22,32.0,#
1998,6,23,29.0,#
1998,6,24,29.7,#
1998,6,25,29.0,#
1998,6,26,30.9,#
1998,6,27,28.5,#
1998,6,28,31.6,#
1998,6,29,30.8,#
1998,6,30,***,#
1998,7,1,32.0,#
1998,7,2,30.2,#
1998,7,3,27.0,#
1998,7,4,26.8,#
1998,7,5,28.6,C
1998,7,6,27.3,#
1998,7,7,29.0,#
1998,7,8,30.9,#
1998,7,9,32.9,#
1998,7,10,30.7,#
1998,7,11,29.1,#
1998,7,12,30.2,#
1998,7,13,29.1,#
1998,7,14,31.4,#
1998,7,15,32.2,#
1998,7,16,30.5,#
1998,7,17,30.7,#
1998,7,18,30.5,#
1998,7,19,30.4,#
1998,7,20,31.5,#
1998,7,21,32.3,#
1998,7,22,31.2,#
1998,7,23,31.9,#
1998,7,24,31.7,#
1998,7,25,32.2,#
1998,7,26,33.7,#
1998,7,27,33.4,#
1998,7,28,32.4,#
1998,7,29,32.5,#
1998,7,30,33.6,C
1998,7,31,33.2,#
1998,8,1,33.2,#
1998,8,2,35.0,#
1998,8,3,34.3,#
1998,8,4,33.1,C
1998,8,5,31.2,C
1998,8,6,33.5,C
1998,8,7,30.1,#
1998,8,8,33.4,#
1998,8,9,33.7,#
1998,8,10,28.8,#
1998,8,11,27.9,#
1998,8,12,30.9,#
1998,8,13,32.9,#
1998,8,14,31.6,#
1998,8,15,33.0,#
1998,8,16,34.2,#
1998,8,17,32.5,#
1998,8,18,36.0,#
1998,8,19,36.3,#
1998,8,20,35.7,#
1998,8,21,32.7,#
1998,8,22,29.8,#
1998,8,23,34.6,#
1998,8,24,32.9,#
1998,8,25,35.1,#
1998,8,26,33.7,#
1998,8,27,32.7,#
1998,8,28,29.3,#
1998,8,29,33.1,#
1998,8,30,33.8,#
1998,8,31,29.7,#
1998,9,1,28.6,#
1998,9,2,29.2,C
1998,9,3,29.2,C
1998,9,4,28.9,#
1998,9,5,***,#
1998,9,6,***,#
1998,9,7,28.8,#
1998,9,8,31.2,#
1998,9,9,32.8,#
1998,9,10,25.7,#
1998,9,11,30.1,#
1998,9,12,26.7,#
1998,9,13,27.4,#
1998,9,14,28.6,#
1998,9,15,30.2,#
1998,9,16,29.9,#
1998,9,17,29.9,#
1998,9,18,29.2,#
1998,9,19,34.3,#
1998,9,20,31.2,#
1998,9,21,32.1,#
1998,9,22,32.8,#
1998,9,23,30.3,#
1998,9,24,31.3,#
1998,9,25,29.6,#
1998,9,26,31.4,#
1998,9,27,***,#
1998,9,28,30.3,#
1998,9,29,28.9,#
1998,9,30,30.7,#
1998,10,1,31.9,#
1998,10,2,30.5,#
1998,10,3,29.3,#
1998,10,4,25.8,#
1998,10,5,26.2,#
1998,10,6,33.2,#
1998,10,7,33.1,#
1998,10,8,32.6,#
1998,10,9,***,#
1998,10,10,***,#
1998,10,11,***,#
1998,10,12,***,#
1998,10,13,***,#
1998,10,14,***,#
1998,10,15,***,#
1998,10,16,***,#
1998,10,17,***,#
1998,10,18,***,#
1998,10,19,28.6,#
1998,10,20,28.2,#
1998,10,21,30.9,C
1998,10,22,31.0,C
1998,10,23,30.8,C
1998,10,24,29.6,#
1998,10,25,26.0,#
1998,10,26,24.2,C
1998,10,27,26.9,C
1998,10,28,33.0,C
1998,10,29,32.4,#
1998,10,30,***,#
1998,10,31,***,#
1998,11,1,***,#
1998,11,2,***,#
1998,11,3,***,#
1998,11,4,***,#
1998,11,5,***,#
1998,11,6,***,#
1998,11,7,***,#
1998,11,8,***,#
1998,11,9,29.6,#
1998,11,10,25.4,C
1998,11,11,24.4,#
1998,11,12,24.0,C
1998,11,13,25.4,#
1998,11,14,25.7,#
1998,11,15,26.2,C
1998,11,16,27.4,C
1998,11,17,30.1,C
1998,11,18,23.1,#
1998,11,19,23.8,#
1998,11,20,22.9,#
1998,11,21,24.9,#
1998,11,22,***,#
1998,11,23,***,#
1998,11,24,***,#
1998,11,25,***,#
1998,11,26,***,#
1998,11,27,***,#
1998,11,28,***,#
1998,11,29,***,#
1998,11,30,23.4,#
1998,12,1,23.6,C
1998,12,2,23.9,#
1998,12,3,21.5,C
1998,12,4,18.9,#
1998,12,5,21.4,#
1998,12,6,20.6,C
1998,12,7,19.7,#
1998,12,8,19.9,#
1998,12,9,18.3,#
1998,12,10,19.0,#
1998,12,11,18.7,#
1998,12,12,18.4,#
1998,12,13,18.3,#
1998,12,14,17.8,#
1998,12,15,17.2,#
1998,12,16,20.8,C
1998,12,17,22.5,#
1998,12,18,22.8,#
1998,12,19,20.1,#
1998,12,20,20.0,#
1998,12,21,23.1,#
1998,12,22,26.1,#
1998,12,23,22.8,#
1998,12,24,21.6,C
1998,12,25,21.1,#
1998,12,26,20.9,#
1998,12,27,21.5,#
1998,12,28,21.8,#
1998,12,29,21.4,#
1998,12,30,20.1,#
1998,12,31,***,#
1999,1,1,***,#
1999,1,2,***,#
1999,1,3,***,#
1999,1,4,20.1,#
1999,1,5,19.7,#
1999,1,6,21.6,C
1999,1,7,18.8,#
1999,1,8,***,#
1999,1,9,***,#
1999,1,10,***,#
1999,1,11,***,#
1999,1,12,***,#
1999,1,13,***,#
1999,1,14,***,#
1999,1,15,***,#
1999,1,16,***,#
1999,1,17,***,#
1999,1,18,17.9,#
1999,1,19,23.0,#
1999,1,20,***,#
1999,1,21,***,#
1999,1,22,***,#
1999,1,23,***,#
1999,1,24,***,#
1999,1,25,***,#
1999,1,26,***,#
1999,1,27,***,#
1999,1,28,***,#
1999,1,29,***,#
1999,1,30,***,#
1999,1,31,***,#
1999,2,1,***,#
1999,2,2,***,#
1999,2,3,***,#
1999,2,4,***,#
1999,2,5,***,#
1999,2,6,***,#
1999,2,7,***,#
1999,2,8,20.2,#
1999,2,9,21.1,#
1999,2,10,22.2,#
1999,2,11,26.4,#
1999,2,12,20.7,#
1999,2,13,18.5,#
1999,2,14,18.8,#
1999,2,15,22.4,#
1999,2,16,24.4,#
1999,2,17,20.7,#
1999,2,18,25.9,#
1999,2,19,17.8,#
1999,2,20,15.0,#
1999,2,21,16.7,#
1999,2,22,18.8,#
1999,2,23,20.7,#
1999,2,24,26.1,#
1999,2,25,21.0,#
1999,2,26,24.2,#
1999,2,27,28.8,C
1999,2,28,21.0,C
1999,3,1,22.4,#
1999,3,2,21.5,#
1999,3,3,25.8,#
1999,3,4,24.5,#
1999,3,5,27.6,#
1999,3,6,25.2,#
1999,3,7,29.0,C
1999,3,8,22.5,#
1999,3,9,20.6,#
1999,3,10,20.3,#
1999,3,11,15.6,#
1999,3,12,16.3,#
1999,3,13,18.1,#
1999,3,14,20.2,#
1999,3,15,19.1,#
1999,3,16,20.1,#
1999,3,17,23.1,#
1999,3,18,26.8,#
1999,3,19,27.9,#
1999,3,20,30.9,#
1999,3,21,21.7,#
1999,3,22,16.7,#
1999,3,23,18.9,#
1999,3,24,20.6,#
1999,3,25,24.4,#
1999,3,26,29.0,#
1999,3,27,32.3,#
1999,3,28,20.6,#
1999,3,29,19.7,#
1999,3,30,22.4,#
1999,3,31,24.2,#
1999,4,1,26.0,#
1999,4,2,29.4,#
1999,4,3,22.1,#
1999,4,4,24.0,#
1999,4,5,27.1,#
1999,4,6,27.4,#
1999,4,7,23.1,#
1999,4,8,23.9,#
1999,4,9,28.6,#
1999,4,10,30.7,#
1999,4,11,23.6,#
1999,4,12,28.7,#
1999,4,13,27.3,#
1999,4,14,22.5,#
1999,4,15,23.3,#
1999,4,16,25.7,#
1999,4,17,29.0,#
1999,4,18,32.0,#
1999,4,19,***,#
1999,4,20,***,#
1999,4,21,***,#
1999,4,22,***,#
1999,4,23,***,#
1999,4,24,***,#
1999,4,25,***,#
1999,4,26,***,#
1999,4,27,***,#
1999,4,28,***,#
1999,4,29,***,#
1999,4,30,***,#
1999,5,1,23.4,#
1999,5,2,24.3,#
1999,5,3,***,#
1999,5,4,28.2,#
1999,5,5,23.7,#
1999,5,6,21.9,#
1999,5,7,24.4,#
1999,5,8,21.9,#
1999,5,9,20.0,#
1999,5,10,21.2,#
1999,5,11,***,#
1999,5,12,***,#
1999,5,13,***,#
1999,5,14,***,#
1999,5,15,***,#
1999,5,16,25.5,#
1999,5,17,30.5,#
1999,5,18,***,#
1999,5,19,***,#
1999,5,20,***,#
1999,5,21,***,#
1999,5,22,***,#
1999,5,23,***,#
1999,5,24,***,#
1999,5,25,***,#
1999,5,26,***,#
1999,5,27,***,#
1999,5,28,***,#
1999,5,29,***,#
1999,5,30,***,#
1999,5,31,***,#
1999,6,1,***,#
1999,6,2,***,#
1999,6,3,30.5,#
1999,6,4,31.4,#
1999,6,5,31.5,#
1999,6,6,32.4,C
1999,6,7,28.7,#
1999,6,8,28.6,#
1999,6,9,30.3,#
1999,6,10,32.1,C
1999,6,11,31.4,C
1999,6,12,30.5,C
1999,6,13,31.3,C
1999,6,14,32.9,C
1999,6,15,30.6,C
1999,6,16,33.0,#
1999,6,17,28.5,C
1999,6,18,33.1,C
1999,6,19,31.5,C
1999,6,20,32.6,C
1999,6,21,30.1,#
1999,6,22,30.3,C
1999,6,23,30.1,C
1999,6,24,31.3,#
1999,6,25,32.6,C
1999,6,26,32.3,#
1999,6,27,32.3,C
1999,6,28,31.2,C
1999,6,29,34.0,C
1999,6,30,32.8,C
1999,7,1,32.4,C
1999,7,2,34.0,C
1999,7,3,30.9,#
1999,7,4,28.5,C
1999,7,5,29.8,C
1999,7,6,30.8,C
1999,7,7,27.4,C
1999,7,8,29.4,#
1999,7,9,30.5,#
1999,7,10,32.4,#
1999,7,11,32.1,#
1999,7,12,32.2,C
1999,7,13,33.6,#
1999,7,14,33.6,#
1999,7,15,34.1,#
1999,7,16,32.0,C
1999,7,17,32.7,#
1999,7,18,30.2,C
1999,7,19,31.0,#
1999,7,20,31.2,#
1999,7,21,31.6,#
1999,7,22,33.3,C
1999,7,23,28.5,#
1999,7,24,***,#
1999,7,25,***,#
1999,7,26,28.9,#
1999,7,27,28.3,#
1999,7,28,31.8,C
1999,7,29,33.2,#
1999,7,30,32.6,#
1999,7,31,32.5,C
1999,8,1,34.1,C
1999,8,2,35.6,C
1999,8,3,33.9,#
1999,8,4,28.8,#
1999,8,5,32.8,#
1999,8,6,30.8,C
1999,8,7,30.6,#
1999,8,8,32.1,C
1999,8,9,28.3,C
1999,8,10,32.1,#
1999,8,11,29.0,#
1999,8,12,27.4,#
1999,8,13,26.5,#
1999,8,14,30.6,#
1999,8,15,32.6,#
1999,8,16,33.5,#
1999,8,17,32.0,#
1999,8,18,30.8,#
1999,8,19,34.5,#
1999,8,20,33.2,#
1999,8,21,32.8,#
1999,8,22,27.1,#
1999,8,23,24.6,C
1999,8,24,25.4,C
1999,8,25,26.8,#
1999,8,26,31.5,#
1999,8,27,33.3,#
1999,8,28,33.3,C
1999,8,29,31.5,#
1999,8,30,32.7,#
1999,8,31,30.8,#
1999,9,1,33.7,#
1999,9,2,33.8,C
1999,9,3,34.4,#
1999,9,4,32.9,#
1999,9,5,30.5,#
1999,9,6,32.9,#
1999,9,7,33.7,#
1999,9,8,33.7,#
1999,9,9,32.6,#
1999,9,10,34.6,C
1999,9,11,32.2,#
1999,9,12,34.1,C
1999,9,13,33.3,#
1999,9,14,31.9,#
1999,9,15,29.3,#
1999,9,16,25.4,C
1999,9,17,28.7,C
1999,9,18,32.5,#
1999,9,19,32.5,#
1999,9,20,33.5,#
1999,9,21,28.8,#
1999,9,22,29.6,#
1999,9,23,28.4,#
1999,9,24,27.0,#
1999,9,25,26.0,#
1999,9,26,25.4,#
1999,9,27,29.7,#
1999,9,28,27.6,#
1999,9,29,29.7,#
1999,9,30,30.7,C
1999,10,1,30.8,#
1999,10,2,32.2,#
1999,10,3,30.6,#
1999,10,4,28.2,C
1999,10,5,30.2,#
1999,10,6,29.4,#
1999,10,7,30.3,#
1999,10,8,29.3,#
1999,10,9,29.1,#
1999,10,10,32.4,C
1999,10,11,32.1,#
1999,10,12,29.4,C
1999,10,13,30.4,#
1999,10,14,30.5,#
1999,10,15,30.7,C
1999,10,16,30.8,#
1999,10,17,24.7,C
1999,10,18,24.2,#
1999,10,19,24.8,#
1999,10,20,26.9,#
1999,10,21,26.8,#
1999,10,22,27.8,#
1999,10,23,28.2,#
1999,10,24,27.2,#
1999,10,25,27.9,#
1999,10,26,28.6,#
1999,10,27,26.5,#
1999,10,28,28.3,C
1999,10,29,28.1,C
1999,10,30,26.2,#
1999,10,31,27.7,#
1999,11,1,25.7,#
1999,11,2,22.1,#
1999,11,3,23.1,C
1999,11,4,24.0,C
1999,11,5,25.6,#
1999,11,6,24.7,C
1999,11,7,26.4,#
1999,11,8,26.7,C
1999,11,9,24.9,C
1999,11,10,24.7,#
1999,11,11,26.0,#
1999,11,12,22.7,#
1999,11,13,24.3,C
1999,11,14,26.2,C
1999,11,15,25.5,#
1999,11,16,***,#
1999,11,17,22.6,#
1999,11,18,23.3,#
1999,11,19,25.5,C
1999,11,20,25.2,C
1999,11,21,25.9,C
1999,11,22,25.9,C
1999,11,23,28.2,#
1999,11,24,25.7,C
1999,11,25,28.2,C
1999,11,26,24.4,#
1999,11,27,23.8,#
1999,11,28,21.3,C
1999,11,29,18.3,C
1999,11,30,20.0,#
1999,12,1,24.8,C
1999,12,2,21.6,#
1999,12,3,19.4,#
1999,12,4,19.1,#
1999,12,5,20.0,#
1999,12,6,17.7,#
1999,12,7,19.1,#
1999,12,8,20.8,#
1999,12,9,21.4,#
1999,12,10,21.4,C
1999,12,11,22.8,C
1999,12,12,20.3,C
1999,12,13,22.2,C
1999,12,14,21.1,#
1999,12,15,22.5,#
1999,12,16,18.7,C
1999,12,17,16.5,#
1999,12,18,15.9,C
1999,12,19,15.6,C
1999,12,20,14.7,C
1999,12,21,13.2,C
1999,12,22,10.1,C
1999,12,23,11.8,C
1999,12,24,16.0,C
1999,12,25,17.0,C
1999,12,26,18.2,C
1999,12,27,17.8,C
1999,12,28,21.5,C
1999,12,29,22.5,C
1999,12,30,24.3,#
1999,12,31,21.7,C
2000,1,1,23.4,#
2000,1,2,25.7,#
2000,1,3,20.0,#
2000,1,4,19.2,#
2000,1,5,23.0,C
2000,1,6,25.3,C
2000,1,7,18.7,C
2000,1,8,20.5,#
2000,1,9,22.4,#
2000,1,10,21.4,#
2000,1,11,18.8,#
2000,1,12,24.3,#
2000,1,13,20.2,C
2000,1,14,18.2,C
2000,1,15,18.8,C
2000,1,16,20.1,C
2000,1,17,18.7,C
2000,1,18,13.8,#
2000,1,19,16.3,C
2000,1,20,15.8,#
2000,1,21,16.5,#
2000,1,22,17.5,#
2000,1,23,17.8,C
2000,1,24,17.0,C
2000,1,25,16.0,C
2000,1,26,10.6,#
2000,1,27,12.4,C
2000,1,28,14.6,#
2000,1,29,18.5,C
2000,1,30,17.3,#
2000,1,31,13.0,C
2000,2,1,12.5,C
2000,2,2,14.8,C
2000,2,3,18.2,#
2000,2,4,18.0,C
2000,2,5,21.6,#
2000,2,6,22.5,C
2000,2,7,20.2,#
2000,2,8,17.4,#
2000,2,9,15.9,C
2000,2,10,15.7,#
2000,2,11,20.9,#
2000,2,12,19.1,C
2000,2,13,18.0,#
2000,2,14,23.4,#
2000,2,15,16.9,C
2000,2,16,17.3,#
2000,2,17,15.7,C
2000,2,18,14.2,#
2000,2,19,***,#
2000,2,20,***,#
2000,2,21,***,#
2000,2,22,***,#
2000,2,23,***,#
2000,2,24,***,#
2000,2,25,12.9,#
2000,2,26,12.6,#
2000,2,27,12.4,C
2000,2,28,12.2,#
2000,2,29,13.1,#
2000,3,1,13.1,#
2000,3,2,15.3,C
2000,3,3,19.4,#
2000,3,4,23.4,#
2000,3,5,26.6,#
2000,3,6,20.3,#
2000,3,7,19.6,#
2000,3,8,17.3,#
2000,3,9,17.3,C
2000,3,10,15.8,#
2000,3,11,17.0,#
2000,3,12,16.9,#
2000,3,13,15.8,C
2000,3,14,16.4,#
2000,3,15,19.2,#
2000,3,16,20.5,#
2000,3,17,16.7,C
2000,3,18,18.7,#
2000,3,19,23.9,#
2000,3,20,19.5,#
2000,3,21,21.4,#
2000,3,22,26.4,#
2000,3,23,24.9,#
2000,3,24,21.8,#
2000,3,25,20.9,#
2000,3,26,22.7,#
2000,3,27,24.6,#
2000,3,28,28.0,#
2000,3,29,24.1,#
2000,3,30,24.4,C
2000,3,31,25.1,#
2000,4,1,23.9,#
2000,4,2,22.0,#
2000,4,3,23.0,#
2000,4,4,22.3,#
2000,4,5,23.5,C
2000,4,6,20.0,#
2000,4,7,20.9,#
2000,4,8,22.6,#
2000,4,9,23.4,#
2000,4,10,27.1,#
2000,4,11,21.4,#
2000,4,12,24.0,#
2000,4,13,22.8,#
2000,4,14,23.0,#
2000,4,15,***,#
2000,4,16,***,#
2000,4,17,***,#
2000,4,18,***,#
2000,4,19,***,#
2000,4,20,***,#
2000,4,21,***,#
2000,4,22,***,#
2000,4,23,***,#
2000,4,24,***,#
2000,4,25,28.2,#
2000,4,26,29.2,#
2000,4,27,26.7,#
2000,4,28,21.8,#
2000,4,29,23.8,C
2000,4,30,31.0,#
2000,5,1,30.4,#
2000,5,2,25.8,#
2000,5,3,23.3,#
2000,5,4,25.2,#
2000,5,5,28.0,#
2000,5,6,30.4,#
2000,5,7,27.9,#
2000,5,8,26.2,#
2000,5,9,28.1,#
2000,5,10,24.6,#
2000,5,11,26.7,#
2000,5,12,26.2,#
2000,5,13,***,#
2000,5,14,***,#
2000,5,15,***,#
2000,5,16,32.2,#
2000,5,17,28.5,#
2000,5,18,28.4,#
2000,5,19,24.8,#
2000,5,20,27.1,#
2000,5,21,26.3,#
2000,5,22,28.7,#
2000,5,23,26.6,#
2000,5,24,26.0,#
2000,5,25,32.4,#
2000,5,26,31.9,#
2000,5,27,32.5,#
2000,5,28,34.4,#
2000,5,29,34.0,C
2000,5,30,32.1,#
2000,5,31,35.7,C
2000,6,1,34.3,#
2000,6,2,33.4,#
2000,6,3,35.2,#
2000,6,4,31.3,#
2000,6,5,32.2,#
2000,6,6,32.1,#
2000,6,7,33.1,#
2000,6,8,32.1,#
2000,6,9,30.0,#
2000,6,10,32.6,#
2000,6,11,31.9,C
2000,6,12,28.0,#
2000,6,13,22.2,#
2000,6,14,26.3,#
2000,6,15,28.1,#
2000,6,16,32.5,#
2000,6,17,25.8,#
2000,6,18,26.4,#
2000,6,19,30.4,#
2000,6,20,26.8,#
2000,6,21,31.2,C
2000,6,22,30.8,C
2000,6,23,29.4,#
2000,6,24,31.6,#
2000,6,25,32.5,#
2000,6,26,32.1,#
2000,6,27,35.9,#
2000,6,28,35.4,#
2000,6,29,32.2,#
2000,6,30,33.9,#
2000,7,1,35.2,#
2000,7,2,33.0,#
2000,7,3,30.2,C
2000,7,4,33.9,#
2000,7,5,32.8,#
2000,7,6,31.4,C
2000,7,7,34.2,C
2000,7,8,34.5,C
2000,7,9,31.6,#
2000,7,10,31.4,C
2000,7,11,29.9,C
2000,7,12,30.4,C
2000,7,13,32.4,#
2000,7,14,32.8,#
2000,7,15,31.1,C
2000,7,16,29.9,#
2000,7,17,28.3,C
2000,7,18,27.8,#
2000,7,19,27.7,C
2000,7,20,27.6,#
2000,7,21,29.0,#
2000,7,22,33.7,#
2000,7,23,32.5,#
2000,7,24,31.5,#
2000,7,25,31.2,#
2000,7,26,31.1,#
2000,7,27,30.5,C
2000,7,28,31.0,#
2000,7,29,32.4,C
2000,7,30,30.7,#
2000,7,31,30.6,#
2000,8,1,28.8,#
2000,8,2,27.7,#
2000,8,3,26.4,#
2000,8,4,25.4,C
2000,8,5,25.4,C
2000,8,6,28.2,#
2000,8,7,31.2,C
2000,8,8,33.9,#
2000,8,9,30.5,#
2000,8,10,30.4,#
2000,8,11,30.4,C
2000,8,12,30.9,#
2000,8,13,31.5,#
2000,8,14,32.0,#
2000,8,15,32.2,#
2000,8,16,32.7,#
2000,8,17,36.2,#
2000,8,18,34.9,#
2000,8,19,35.1,#
2000,8,20,34.0,#
2000,8,21,31.6,#
2000,8,22,33.7,#
2000,8,23,30.3,#
2000,8,24,***,#
2000,8,25,***,#
2000,8,26,***,#
2000,8,27,***,#
2000,8,28,***,#
2000,8,29,31.7,#
2000,8,30,32.8,C
2000,8,31,29.3,#
2000,9,1,28.5,C
2000,9,2,28.2,#
2000,9,3,29.1,C
2000,9,4,31.3,#
2000,9,5,31.5,#
2000,9,6,30.1,#
2000,9,7,29.7,#
2000,9,8,27.7,#
2000,9,9,28.4,#
2000,9,10,30.6,C
2000,9,11,31.3,#
2000,9,12,29.8,#
2000,9,13,29.9,#
2000,9,14,30.6,#
2000,9,15,30.3,#
2000,9,16,31.5,C
2000,9,17,28.2,#
2000,9,18,28.7,#
2000,9,19,28.3,#
2000,9,20,26.4,#
2000,9,21,27.6,#
2000,9,22,28.6,C
2000,9,23,30.4,#
2000,9,24,30.3,#
2000,9,25,31.8,#
2000,9,26,30.7,#
2000,9,27,29.3,#
2000,9,28,29.3,#
2000,9,29,32.1,#
2000,9,30,32.0,C
2000,10,1,33.2,#
2000,10,2,34.2,#
2000,10,3,33.3,#
2000,10,4,33.9,#
2000,10,5,29.8,#
2000,10,6,29.7,#
2000,10,7,30.4,C
2000,10,8,30.4,#
2000,10,9,29.4,#
2000,10,10,29.3,#
2000,10,11,28.9,#
2000,10,12,27.6,#
2000,10,13,26.0,C
2000,10,14,23.8,#
2000,10,15,25.4,#
2000,10,16,27.6,#
2000,10,17,28.1,#
2000,10,18,26.0,#
2000,10,19,24.7,#
2000,10,20,24.6,#
2000,10,21,25.2,#
2000,10,22,30.4,#
2000,10,23,28.7,#
2000,10,24,32.4,#
2000,10,25,31.1,#
2000,10,26,27.3,#
2000,10,27,26.9,C
2000,10,28,26.5,C
2000,10,29,24.7,#
2000,10,30,23.4,#
2000,10,31,23.2,#
2000,11,1,23.0,#
2000,11,2,22.9,#
2000,11,3,23.9,#
2000,11,4,22.7,#
2000,11,5,25.2,C
2000,11,6,24.0,#
2000,11,7,23.6,C
2000,11,8,24.8,#
2000,11,9,24.0,#
2000,11,10,25.9,#
2000,11,11,22.7,#
2000,11,12,16.7,C
2000,11,13,20.1,#
2000,11,14,25.5,#
2000,11,15,26.0,C
2000,11,16,21.9,#
2000,11,17,19.6,#
2000,11,18,20.7,#
2000,11,19,21.9,#
2000,11,20,20.9,#
2000,11,21,17.0,#
2000,11,22,19.7,#
2000,11,23,22.0,#
2000,11,24,21.4,#
2000,11,25,23.2,C
2000,11,26,24.4,#
2000,11,27,23.5,#
2000,11,28,21.9,C
2000,11,29,21.5,#
2000,11,30,23.8,#
2000,12,1,26.5,C
2000,12,2,22.9,C
2000,12,3,19.7,#
2000,12,4,18.7,#
2000,12,5,22.4,#
2000,12,6,21.7,#
2000,12,7,22.4,#
2000,12,8,21.8,#
2000,12,9,21.8,#
2000,12,10,24.8,C
2000,12,11,20.7,#
2000,12,12,17.0,#
2000,12,13,13.8,#
2000,12,14,17.8,C
2000,12,15,19.7,#
2000,12,16,23.2,C
2000,12,17,23.5,#
2000,12,18,23.3,#
2000,12,19,20.3,#
2000,12,20,22.7,#
2000,12,21,16.7,#
2000,12,22,17.3,C
2000,12,23,19.5,#
2000,12,24,20.3,#
2000,12,25,20.5,#
2000,12,26,19.6,#
2000,12,27,20.0,#
2000,12,28,23.3,C
2000,12,29,21.3,#
2000,12,30,20.4,#
2000,12,31,18.6,#
2001,1,1,16.9,#
2001,1,2,18.5,C
2001,1,3,19.9,C
2001,1,4,18.6,#
2001,1,5,19.9,#
2001,1,6,20.3,#
2001,1,7,22.6,#
2001,1,8,19.9,#
2001,1,9,21.6,C
2001,1,10,16.5,#
2001,1,11,18.3,C
2001,1,12,19.0,#
2001,1,13,19.0,#
2001,1,14,17.6,#
2001,1,15,16.0,#
2001,1,16,16.1,#
2001,1,17,16.9,#
2001,1,18,19.9,#
2001,1,19,21.0,#
2001,1,20,24.5,#
2001,1,21,18.6,#
2001,1,22,20.5,#
2001,1,23,18.8,C
2001,1,24,18.7,C
2001,1,25,19.1,#
2001,1,26,17.5,#
2001,1,27,13.2,C
2001,1,28,12.7,#
2001,1,29,14.9,C
2001,1,30,17.4,#
2001,1,31,17.3,C
2001,2,1,18.7,#
2001,2,2,15.2,C
2001,2,3,15.7,#
2001,2,4,15.7,#
2001,2,5,17.8,#
2001,2,6,21.7,#
2001,2,7,24.4,#
2001,2,8,15.2,#
2001,2,9,15.9,C
2001,2,10,17.3,#
2001,2,11,17.9,#
2001,2,12,23.9,#
2001,2,13,19.8,#
2001,2,14,15.0,#
2001,2,15,17.0,#
2001,2,16,19.8,#
2001,2,17,17.7,C
2001,2,18,23.0,#
2001,2,19,22.7,C
2001,2,20,21.8,C
2001,2,21,23.1,#
2001,2,22,23.5,#
2001,2,23,23.7,#
2001,2,24,24.2,#
2001,2,25,17.8,C
2001,2,26,16.0,#
2001,2,27,19.8,#
2001,2,28,23.9,#
2001,3,1,22.7,#
2001,3,2,19.5,#
2001,3,3,22.6,#
2001,3,4,22.7,#
2001,3,5,20.8,#
2001,3,6,23.1,#
2001,3,7,25.9,#
2001,3,8,17.3,#
2001,3,9,17.6,C
2001,3,10,17.8,#
2001,3,11,18.8,#
2001,3,12,19.0,#
2001,3,13,19.9,C
2001,3,14,21.9,C
2001,3,15,26.1,#
2001,3,16,21.6,#
2001,3,17,24.9,C
2001,3,18,24.6,#
2001,3,19,21.3,#
2001,3,20,25.1,#
2001,3,21,27.5,#
2001,3,22,24.7,#
2001,3,23,27.4,#
2001,3,24,29.1,#
2001,3,25,25.1,#
2001,3,26,19.8,#
2001,3,27,19.7,#
2001,3,28,23.0,#
2001,3,29,21.2,#
2001,3,30,22.0,#
2001,3,31,24.7,#
2001,4,1,21.1,#
2001,4,2,23.6,#
2001,4,3,28.0,C
2001,4,4,22.6,#
2001,4,5,20.4,#
2001,4,6,20.8,#
2001,4,7,20.9,C
2001,4,8,25.5,#
2001,4,9,24.5,#
2001,4,10,21.3,#
2001,4,11,20.7,C
2001,4,12,20.1,#
2001,4,13,19.9,#
2001,4,14,23.9,#
2001,4,15,23.9,C
2001,4,16,25.0,#
2001,4,17,26.8,#
2001,4,18,26.3,#
2001,4,19,23.5,C
2001,4,20,26.8,#
2001,4,21,26.5,#
2001,4,22,22.1,#
2001,4,23,21.3,#
2001,4,24,26.3,#
2001,4,25,22.4,#
2001,4,26,23.1,C
2001,4,27,23.1,#
2001,4,28,24.7,#
2001,4,29,29.3,#
2001,4,30,31.3,#
2001,5,1,27.3,C
2001,5,2,28.0,#
2001,5,3,23.6,C
2001,5,4,25.8,C
2001,5,5,30.8,#
2001,5,6,31.9,C
2001,5,7,30.7,#
2001,5,8,30.6,#
2001,5,9,30.5,C
2001,5,10,25.0,#
2001,5,11,27.8,#
2001,5,12,31.2,#
2001,5,13,27.6,C
2001,5,14,31.0,C
2001,5,15,27.9,#
2001,5,16,25.9,C
2001,5,17,25.5,#
2001,5,18,26.1,C
2001,5,19,27.9,#
2001,5,20,29.7,#
2001,5,21,29.8,C
2001,5,22,29.6,#
2001,5,23,28.4,C
2001,5,24,29.5,#
2001,5,25,28.4,C
2001,5,26,29.6,#
2001,5,27,31.2,#
2001,5,28,28.0,#
2001,5,29,27.8,C
2001,5,30,29.1,C
2001,5,31,29.6,C
2001,6,1,27.5,C
2001,6,2,27.9,#
2001,6,3,31.0,C
2001,6,4,30.0,#
2001,6,5,29.6,C
2001,6,6,29.3,#
2001,6,7,26.7,C
2001,6,8,27.0,C
2001,6,9,26.9,#
2001,6,10,28.1,C
2001,6,11,27.0,#
2001,6,12,29.1,#
2001,6,13,28.9,#
2001,6,14,28.2,#
2001,6,15,28.2,C
2001,6,16,30.9,#
2001,6,17,31.9,#
2001,6,18,33.7,#
2001,6,19,31.3,C
2001,6,20,32.8,#
2001,6,21,33.8,#
2001,6,22,31.8,#
2001,6,23,32.4,#
2001,6,24,29.9,#
2001,6,25,28.6,C
2001,6,26,28.3,C
2001,6,27,27.5,C
2001,6,28,30.5,#
2001,6,29,30.8,#
2001,6,30,28.2,C
2001,7,1,27.9,C
2001,7,2,28.0,#
2001,7,3,28.9,#
2001,7,4,32.2,#
2001,7,5,31.4,C
2001,7,6,28.0,#
2001,7,7,28.4,#
2001,7,8,29.2,C
2001,7,9,33.3,#
2001,7,10,29.9,C
2001,7,11,30.4,C
2001,7,12,28.7,#
2001,7,13,27.7,#
2001,7,14,31.4,#
2001,7,15,27.8,#
2001,7,16,28.2,#
2001,7,17,28.1,#
2001,7,18,28.1,#
2001,7,19,28.4,C
2001,7,20,28.5,#
2001,7,21,29.6,C
2001,7,22,30.1,#
2001,7,23,32.6,#
2001,7,24,32.1,#
2001,7,25,27.4,#
2001,7,26,28.2,#
2001,7,27,30.0,C
2001,7,28,32.7,#
2001,7,29,31.4,#
2001,7,30,30.6,#
2001,7,31,31.3,#
2001,8,1,32.3,#
2001,8,2,32.0,#
2001,8,3,28.2,C
2001,8,4,31.9,#
2001,8,5,30.3,#
2001,8,6,33.9,C
2001,8,7,31.8,#
2001,8,8,34.7,#
2001,8,9,31.8,#
2001,8,10,30.8,C
2001,8,11,31.9,C
2001,8,12,31.9,#
2001,8,13,33.8,#
2001,8,14,31.6,#
2001,8,15,32.0,C
2001,8,16,32.3,#
2001,8,17,32.5,#
2001,8,18,34.9,#
2001,8,19,35.4,#
2001,8,20,33.9,#
2001,8,21,30.3,#
2001,8,22,36.6,#
2001,8,23,32.1,C
2001,8,24,33.7,#
2001,8,25,37.1,#
2001,8,26,34.0,C
2001,8,27,32.1,C
2001,8,28,28.0,#
2001,8,29,28.5,#
2001,8,30,28.0,#
2001,8,31,29.6,#
2001,9,1,28.1,C
2001,9,2,27.0,C
2001,9,3,27.0,C
2001,9,4,28.9,C
2001,9,5,26.4,#
2001,9,6,31.4,#
2001,9,7,30.4,C
2001,9,8,28.6,#
2001,9,9,29.9,C
2001,9,10,27.9,#
2001,9,11,28.0,#
2001,9,12,32.1,C
2001,9,13,31.5,#
2001,9,14,33.2,#
2001,9,15,32.1,C
2001,9,16,34.0,#
2001,9,17,33.0,#
2001,9,18,32.8,#
2001,9,19,34.2,#
2001,9,20,29.9,#
2001,9,21,27.1,#
2001,9,22,29.3,#
2001,9,23,***,#
2001,9,24,32.8,#
2001,9,25,32.2,C
2001,9,26,30.7,C
2001,9,27,31.8,#
2001,9,28,32.6,#
2001,9,29,33.9,C
2001,9,30,33.0,C
2001,10,1,32.6,C
2001,10,2,28.8,#
2001,10,3,29.2,#
2001,10,4,28.9,#
2001,10,5,27.4,#
2001,10,6,28.4,C
2001,10,7,29.9,C
2001,10,8,35.1,#
2001,10,9,29.8,#
2001,10,10,28.8,#
2001,10,11,28.8,C
2001,10,12,28.2,#
2001,10,13,27.7,#
2001,10,14,27.8,C
2001,10,15,34.3,C
2001,10,16,33.0,#
2001,10,17,31.7,C
2001,10,18,28.9,#
2001,10,19,27.1,C
2001,10,20,27.0,C
2001,10,21,27.5,#
2001,10,22,27.8,#
2001,10,23,25.8,C
2001,10,24,28.4,#
2001,10,25,26.9,C
2001,10,26,27.6,C
2001,10,27,32.1,#
2001,10,28,30.0,#
2001,10,29,25.8,#
2001,10,30,26.7,#
2001,10,31,27.0,#
2001,11,1,30.1,#
2001,11,2,27.4,C
2001,11,3,29.1,#
2001,11,4,24.9,C
2001,11,5,26.9,C
2001,11,6,24.1,#
2001,11,7,24.4,#
2001,11,8,25.5,#
2001,11,9,24.8,#
2001,11,10,24.0,C
2001,11,11,23.8,C
2001,11,12,22.8,#
2001,11,13,21.7,#
2001,11,14,21.2,#
2001,11,15,18.1,C
2001,11,16,22.1,C
2001,11,17,23.4,C
2001,11,18,22.9,C
2001,11,19,23.5,#
2001,11,20,22.2,#
2001,11,21,22.3,C
2001,11,22,23.0,#
2001,11,23,24.3,C
2001,11,24,25.1,#
2001,11,25,24.5,#
2001,11,26,22.3,#
2001,11,27,21.3,#
2001,11,28,20.7,#
2001,11,29,22.3,#
2001,11,30,25.7,C
2001,12,1,22.8,#
2001,12,2,22.8,C
2001,12,3,22.0,#
2001,12,4,29.9,#
2001,12,5,22.7,#
2001,12,6,20.4,C
2001,12,7,19.7,C
2001,12,8,20.0,#
2001,12,9,20.6,C
2001,12,10,22.6,#
2001,12,11,19.3,#
2001,12,12,22.2,#
2001,12,13,19.4,C
2001,12,14,16.2,#
2001,12,15,17.9,#
2001,12,16,19.0,#
2001,12,17,19.8,C
2001,12,18,18.9,#
2001,12,19,18.9,#
2001,12,20,21.6,#
2001,12,21,16.6,#
2001,12,22,13.7,#
2001,12,23,18.4,C
2001,12,24,18.6,#
2001,12,25,18.3,#
2001,12,26,17.3,#
2001,12,27,17.6,#
2001,12,28,17.7,#
2001,12,29,19.7,C
2001,12,30,17.9,C
2001,12,31,21.9,#
2002,1,1,24.8,#
2002,1,2,19.2,#
2002,1,3,19.6,#
2002,1,4,21.7,#
2002,1,5,24.6,#
2002,1,6,21.2,C
2002,1,7,22.5,#
2002,1,8,19.5,#
2002,1,9,18.1,#
2002,1,10,22.1,#
2002,1,11,25.1,#
2002,1,12,20.7,C
2002,1,13,23.1,#
2002,1,14,20.6,#
2002,1,15,18.5,#
2002,1,16,22.2,C
2002,1,17,21.2,#
2002,1,18,19.1,#
2002,1,19,18.2,#
2002,1,20,18.6,C
2002,1,21,15.6,#
2002,1,22,16.7,C
2002,1,23,17.4,C
2002,1,24,16.7,#
2002,1,25,17.0,#
2002,1,26,15.6,C
2002,1,27,12.3,C
2002,1,28,12.9,C
2002,1,29,15.4,C
2002,1,30,18.0,#
2002,1,31,18.4,C
2002,2,1,16.7,C
2002,2,2,14.7,C
2002,2,3,16.8,#
2002,2,4,16.4,#
2002,2,5,16.3,#
2002,2,6,16.1,C
2002,2,7,17.9,#
2002,2,8,18.3,C
2002,2,9,19.6,#
2002,2,10,17.3,C
2002,2,11,17.6,#
2002,2,12,19.9,C
2002,2,13,21.1,#
2002,2,14,21.7,#
2002,2,15,19.1,#
2002,2,16,20.2,#
2002,2,17,25.0,#
2002,2,18,19.9,C
2002,2,19,19.7,#
2002,2,20,17.7,C
2002,2,21,21.4,#
2002,2,22,25.5,#
2002,2,23,21.2,C
2002,2,24,22.1,#
2002,2,25,20.7,#
2002,2,26,24.7,C
2002,2,27,24.7,C
2002,2,28,25.0,C
2002,3,1,23.4,C
2002,3,2,22.9,#
2002,3,3,21.3,#
2002,3,4,22.1,#
2002,3,5,27.6,C
2002,3,6,20.6,#
2002,3,7,22.8,C
2002,3,8,21.5,#
2002,3,9,21.8,C
2002,3,10,23.7,#
2002,3,11,25.9,#
2002,3,12,25.9,#
2002,3,13,23.0,C
2002,3,14,26.3,#
2002,3,15,27.3,#
2002,3,16,29.4,#
2002,3,17,20.7,C
2002,3,18,22.7,#
2002,3,19,24.3,#
2002,3,20,25.9,#
2002,3,21,29.3,C
2002,3,22,26.2,C
2002,3,23,21.8,C
2002,3,24,20.2,C
2002,3,25,24.1,#
2002,3,26,20.6,#
2002,3,27,23.5,#
2002,3,28,22.5,C
2002,3,29,26.9,C
2002,3,30,23.5,C
2002,3,31,21.8,C
2002,4,1,25.9,C
2002,4,2,28.9,C
2002,4,3,29.5,C
2002,4,4,28.0,C
2002,4,5,27.7,C
2002,4,6,28.1,#
2002,4,7,32.2,#
2002,4,8,31.1,C
2002,4,9,29.1,C
2002,4,10,23.0,C
2002,4,11,19.8,C
2002,4,12,20.3,#
2002,4,13,24.7,C
2002,4,14,26.5,C
2002,4,15,27.7,C
2002,4,16,28.6,#
2002,4,17,29.4,#
2002,4,18,24.3,C
2002,4,19,24.5,C
2002,4,20,27.8,C
2002,4,21,31.3,C
2002,4,22,31.7,#
2002,4,23,30.7,#
2002,4,24,31.2,C
2002,4,25,25.2,#
2002,4,26,23.0,C
2002,4,27,25.1,C
2002,4,28,25.8,#
2002,4,29,27.4,C
2002,4,30,29.8,#
2002,5,1,31.4,#
2002,5,2,30.4,#
2002,5,3,30.7,C
2002,5,4,31.0,C
2002,5,5,29.2,#
2002,5,6,31.0,C
2002,5,7,34.7,C
2002,5,8,33.6,C
2002,5,9,28.6,#
2002,5,10,29.4,C
2002,5,11,31.4,C
2002,5,12,27.8,C
2002,5,13,28.6,C
2002,5,14,29.5,C
2002,5,15,30.7,C
2002,5,16,29.9,C
2002,5,17,25.8,#
2002,5,18,26.6,C
2002,5,19,25.7,#
2002,5,20,***,#
2002,5,21,***,#
2002,5,22,30.1,#
2002,5,23,30.3,C
2002,5,24,27.4,C
2002,5,25,28.8,C
2002,5,26,28.6,C
2002,5,27,28.6,C
2002,5,28,28.0,#
2002,5,29,32.4,#
2002,5,30,30.9,#
2002,5,31,30.8,#
2002,6,1,26.4,#
2002,6,2,***,#
2002,6,3,***,#
2002,6,4,***,#
2002,6,5,***,#
2002,6,6,***,#
2002,6,7,28.6,#
2002,6,8,32.0,C
2002,6,9,28.5,#
2002,6,10,31.4,#
2002,6,11,28.5,C
2002,6,12,29.0,C
2002,6,13,31.4,C
2002,6,14,31.3,#
2002,6,15,31.3,#
2002,6,16,30.7,#
2002,6,17,31.3,#
2002,6,18,31.3,#
2002,6,19,31.7,#
2002,6,20,27.3,#
2002,6,21,***,#
2002,6,22,***,#
2002,6,23,***,#
2002,6,24,***,#
2002,6,25,31.1,#
2002,6,26,***,#
2002,6,27,33.3,#
2002,6,28,31.6,#
2002,6,29,32.0,C
2002,6,30,33.0,#
2002,7,1,31.0,C
2002,7,2,34.0,C
2002,7,3,34.4,#
2002,7,4,35.5,#
2002,7,5,36.2,#
2002,7,6,29.8,C
2002,7,7,32.3,#
2002,7,8,31.9,#
2002,7,9,34.1,C
2002,7,10,34.3,#
2002,7,11,33.8,#
2002,7,12,34.2,#
2002,7,13,37.7,#
2002,7,14,33.9,#
2002,7,15,35.1,#
2002,7,16,30.0,#
2002,7,17,30.1,#
2002,7,18,29.5,C
2002,7,19,29.3,C
2002,7,20,30.7,#
2002,7,21,34.7,C
2002,7,22,32.8,#
2002,7,23,31.4,#
2002,7,24,30.0,#
2002,7,25,32.4,#
2002,7,26,33.0,#
2002,7,27,26.6,C
2002,7,28,27.2,#
2002,7,29,28.0,#
2002,7,30,29.9,#
2002,7,31,29.7,#
2002,8,1,31.7,C
2002,8,2,32.6,C
2002,8,3,29.0,#
2002,8,4,27.5,C
2002,8,5,27.3,#
2002,8,6,27.0,#
2002,8,7,29.0,C
2002,8,8,31.0,C
2002,8,9,27.3,C
2002,8,10,27.2,#
2002,8,11,29.2,#
2002,8,12,30.1,#
2002,8,13,30.6,#
2002,8,14,31.4,#
2002,8,15,31.0,C
2002,8,16,30.5,#
2002,8,17,29.5,C
2002,8,18,29.0,#
2002,8,19,29.1,#
2002,8,20,30.1,C
2002,8,21,31.4,#
2002,8,22,33.4,#
2002,8,23,31.6,#
2002,8,24,31.3,C
2002,8,25,31.4,C
2002,8,26,31.0,C
2002,8,27,31.3,C
2002,8,28,33.3,C
2002,8,29,31.3,C
2002,8,30,32.5,#
2002,8,31,30.2,#
2002,9,1,***,#
2002,9,2,32.3,#
2002,9,3,33.5,#
2002,9,4,34.3,#
2002,9,5,34.0,#
2002,9,6,33.3,#
2002,9,7,30.8,C
2002,9,8,34.0,#
2002,9,9,34.3,#
2002,9,10,34.5,C
2002,9,11,28.1,#
2002,9,12,27.8,#
2002,9,13,30.0,C
2002,9,14,28.8,C
2002,9,15,26.5,C
2002,9,16,28.5,#
2002,9,17,26.8,#
2002,9,18,***,#
2002,9,19,***,#
2002,9,20,***,#
2002,9,21,***,#
2002,9,22,***,#
2002,9,23,***,#
2002,9,24,25.2,#
2002,9,25,25.5,C
2002,9,26,27.9,#
2002,9,27,32.2,#
2002,9,28,***,#
2002,9,29,***,#
2002,9,30,***,#
2002,10,1,***,#
2002,10,2,27.0,#
2002,10,3,28.4,#
2002,10,4,29.2,C
2002,10,5,28.7,#
2002,10,6,26.2,#
2002,10,7,24.7,#
2002,10,8,27.5,#
2002,10,9,28.2,#
2002,10,10,29.2,C
2002,10,11,30.4,C
2002,10,12,28.2,C
2002,10,13,28.1,#
2002,10,14,27.5,#
2002,10,15,27.9,#
2002,10,16,***,#
2002,10,17,***,#
2002,10,18,***,#
2002,10,19,***,#
2002,10,20,***,#
2002,10,21,24.2,#
2002,10,22,23.8,#
2002,10,23,23.8,#
2002,10,24,24.4,C
2002,10,25,27.5,#
2002,10,26,27.6,C
2002,10,27,24.5,C
2002,10,28,24.5,#
2002,10,29,24.9,#
2002,10,30,24.4,C
2002,10,31,25.1,#
2002,11,1,26.5,C
2002,11,2,24.4,#
2002,11,3,23.7,#
2002,11,4,22.6,C
2002,11,5,22.8,#
2002,11,6,25.0,#
2002,11,7,29.1,C
2002,11,8,29.2,C
2002,11,9,23.5,#
2002,11,10,24.2,#
2002,11,11,26.9,#
2002,11,12,28.5,#
2002,11,13,28.6,C
2002,11,14,29.0,C
2002,11,15,30.9,C
2002,11,16,23.6,C
2002,11,17,22.7,C
2002,11,18,21.4,C
2002,11,19,21.1,C
2002,11,20,24.6,C
2002,11,21,23.7,#
2002,11,22,24.4,C
2002,11,23,24.8,C
2002,11,24,23.1,C
2002,11,25,21.8,C
2002,11,26,20.6,C
2002,11,27,20.3,C
2002,11,28,19.8,C
2002,11,29,20.9,C
2002,11,30,20.9,#
2002,12,1,21.1,C
2002,12,2,21.3,C
2002,12,3,26.8,#
2002,12,4,25.2,#
2002,12,5,22.7,#
2002,12,6,26.2,#
2002,12,7,25.6,#
2002,12,8,22.5,#
2002,12,9,15.0,#
2002,12,10,17.0,#
2002,12,11,16.9,#
2002,12,12,18.2,#
2002,12,13,17.6,#
2002,12,14,19.1,#
2002,12,15,22.1,C
2002,12,16,26.2,#
2002,12,17,21.9,C
2002,12,18,21.0,#
2002,12,19,26.9,#
2002,12,20,19.7,#
2002,12,21,22.1,#
2002,12,22,20.9,#
2002,12,23,23.1,#
2002,12,24,21.4,#
2002,12,25,19.0,#
2002,12,26,14.5,C
2002,12,27,9.2,#
2002,12,28,16.6,#
2002,12,29,16.8,#
2002,12,30,21.0,#
2002,12,31,16.4,C
2003,1,1,16.2,#
2003,1,2,17.0,#
2003,1,3,17.7,#
2003,1,4,17.3,C
2003,1,5,15.9,C
2003,1,6,14.2,#
2003,1,7,14.0,#
2003,1,8,15.3,#
2003,1,9,19.8,C
2003,1,10,17.9,C
2003,1,11,18.7,C
2003,1,12,19.5,C
2003,1,13,19.7,C
2003,1,14,19.9,#
2003,1,15,17.1,#
2003,1,16,16.7,#
2003,1,17,21.0,C
2003,1,18,20.6,#
2003,1,19,***,#
2003,1,20,***,#
2003,1,21,***,#
2003,1,22,22.1,#
2003,1,23,19.7,#
2003,1,24,16.4,C
2003,1,25,17.7,#
2003,1,26,21.2,C
2003,1,27,18.7,C
2003,1,28,15.9,#
2003,1,29,17.4,#
2003,1,30,15.8,#
2003,1,31,19.0,#
2003,2,1,24.6,C
2003,2,2,15.7,C
2003,2,3,15.6,#
2003,2,4,16.8,#
2003,2,5,16.1,#
2003,2,6,15.3,C
2003,2,7,15.7,C
2003,2,8,20.8,C
2003,2,9,19.3,#
2003,2,10,21.9,#
2003,2,11,22.8,#
2003,2,12,17.5,#
2003,2,13,17.0,#
2003,2,14,17.0,C
2003,2,15,21.1,#
2003,2,16,21.5,#
2003,2,17,20.2,#
2003,2,18,22.6,C
2003,2,19,19.9,#
2003,2,20,18.0,#
2003,2,21,17.8,#
2003,2,22,26.0,#
2003,2,23,23.1,C
2003,2,24,24.7,#
2003,2,25,18.2,#
2003,2,26,23.2,#
2003,2,27,26.5,C
2003,2,28,20.5,C
2003,3,1,23.1,C
2003,3,2,23.9,C
2003,3,3,24.6,#
2003,3,4,22.4,C
2003,3,5,18.4,C
2003,3,6,19.1,#
2003,3,7,16.2,C
2003,3,8,16.3,C
2003,3,9,15.7,C
2003,3,10,16.5,#
2003,3,11,17.1,#
2003,3,12,18.1,#
2003,3,13,19.7,C
2003,3,14,18.8,C
2003,3,15,22.2,C
2003,3,16,23.1,#
2003,3,17,26.4,#
2003,3,18,21.8,#
2003,3,19,17.4,#
2003,3,20,15.4,#
2003,3,21,17.3,#
2003,3,22,18.0,C
2003,3,23,17.7,#
2003,3,24,21.7,C
2003,3,25,22.0,#
2003,3,26,24.4,#
2003,3,27,26.8,C
2003,3,28,21.4,C
2003,3,29,20.3,C
2003,3,30,20.6,C
2003,3,31,27.1,#
2003,4,1,26.2,C
2003,4,2,25.5,C
2003,4,3,26.8,#
2003,4,4,23.8,C
2003,4,5,19.5,C
2003,4,6,19.3,#
2003,4,7,20.7,#
2003,4,8,22.2,C
2003,4,9,20.3,#
2003,4,10,18.9,C
2003,4,11,21.8,#
2003,4,12,25.8,#
2003,4,13,27.9,#
2003,4,14,24.6,C
2003,4,15,21.0,#
2003,4,16,21.3,#
2003,4,17,24.6,#
2003,4,18,***,#
2003,4,19,27.1,#
2003,4,20,28.6,#
2003,4,21,28.2,C
2003,4,22,25.5,C
2003,4,23,29.0,C
2003,4,24,30.4,#
2003,4,25,30.2,C
2003,4,26,29.4,C
2003,4,27,25.5,#
2003,4,28,25.1,C
2003,4,29,29.3,#
2003,4,30,28.5,C
2003,5,1,24.4,#
2003,5,2,24.3,#
2003,5,3,25.1,#
2003,5,4,27.8,#
2003,5,5,26.2,#
2003,5,6,28.5,C
2003,5,7,28.7,#
2003,5,8,32.3,#
2003,5,9,25.4,#
2003,5,10,25.9,#
2003,5,11,25.8,C
2003,5,12,26.9,C
2003,5,13,29.6,#
2003,5,14,32.3,#
2003,5,15,32.7,#
2003,5,16,31.0,#
2003,5,17,31.3,#
2003,5,18,27.6,#
2003,5,19,26.3,C
2003,5,20,28.8,C
2003,5,21,28.9,#
2003,5,22,28.8,#
2003,5,23,30.3,#
2003,5,24,31.9,#
2003,5,25,30.1,#
2003,5,26,28.3,#
2003,5,27,27.1,#
2003,5,28,26.1,C
2003,5,29,27.2,C
2003,5,30,31.3,#
2003,5,31,30.8,#
2003,6,1,28.3,#
2003,6,2,30.0,#
2003,6,3,30.5,C
2003,6,4,29.0,C
2003,6,5,29.2,#
2003,6,6,28.8,#
2003,6,7,27.9,#
2003,6,8,27.1,#
2003,6,9,26.1,#
2003,6,10,26.8,#
2003,6,11,27.1,C
2003,6,12,28.6,#
2003,6,13,***,#
2003,6,14,***,#
2003,6,15,***,#
2003,6,16,25.8,#
2003,6,17,30.9,C
2003,6,18,30.8,#
2003,6,19,31.8,#
2003,6,20,30.6,C
2003,6,21,28.6,#
2003,6,22,30.1,#
2003,6,23,31.1,C
2003,6,24,31.2,C
2003,6,25,32.3,#
2003,6,26,30.0,#
2003,6,27,29.7,#
2003,6,28,30.3,C
2003,6,29,31.2,C
2003,6,30,31.8,#
2003,7,1,33.4,#
2003,7,2,34.5,C
2003,7,3,33.7,#
2003,7,4,34.2,C
2003,7,5,32.9,C
2003,7,6,33.5,#
2003,7,7,33.2,#
2003,7,8,34.4,#
2003,7,9,33.6,C
2003,7,10,33.4,C
2003,7,11,32.2,#
2003,7,12,34.2,#
2003,7,13,35.5,C
2003,7,14,32.6,C
2003,7,15,32.5,#
2003,7,16,31.8,#
2003,7,17,32.4,#
2003,7,18,34.2,C
2003,7,19,32.7,C
2003,7,20,32.4,C
2003,7,21,30.7,#
2003,7,22,32.5,#
2003,7,23,31.2,#
2003,7,24,29.0,#
2003,7,25,29.6,C
2003,7,26,32.4,#
2003,7,27,31.6,#
2003,7,28,33.0,C
2003,7,29,32.4,C
2003,7,30,33.0,#
2003,7,31,34.8,C
2003,8,1,37.1,#
2003,8,2,35.1,C
2003,8,3,34.3,C
2003,8,4,32.5,#
2003,8,5,29.9,#
2003,8,6,30.5,C
2003,8,7,33.0,#
2003,8,8,35.1,#
2003,8,9,35.9,#
2003,8,10,33.8,C
2003,8,11,35.0,C
2003,8,12,31.3,#
2003,8,13,33.7,C
2003,8,14,33.3,#
2003,8,15,31.7,#
2003,8,16,30.7,#
2003,8,17,29.5,#
2003,8,18,33.9,#
2003,8,19,33.2,C
2003,8,20,34.5,#
2003,8,21,30.4,#
2003,8,22,30.1,C
2003,8,23,33.1,#
2003,8,24,28.8,#
2003,8,25,28.0,C
2003,8,26,29.9,#
2003,8,27,32.0,#
2003,8,28,33.4,C
2003,8,29,33.5,C
2003,8,30,35.1,#
2003,8,31,32.2,C
2003,9,1,32.8,#
2003,9,2,30.1,C
2003,9,3,27.8,C
2003,9,4,26.6,#
2003,9,5,28.2,#
2003,9,6,26.6,#
2003,9,7,29.0,C
2003,9,8,30.0,#
2003,9,9,31.6,#
2003,9,10,32.6,#
2003,9,11,32.4,#
2003,9,12,33.2,C
2003,9,13,31.4,#
2003,9,14,27.8,#
2003,9,15,27.1,#
2003,9,16,29.4,#
2003,9,17,31.7,#
2003,9,18,34.5,#
2003,9,19,30.5,#
2003,9,20,30.8,C
2003,9,21,31.4,#
2003,9,22,25.9,C
2003,9,23,27.9,C
2003,9,24,28.8,C
2003,9,25,29.3,C
2003,9,26,29.5,C
2003,9,27,29.7,C
2003,9,28,30.9,C
2003,9,29,30.0,#
2003,9,30,28.6,C
2003,10,1,29.2,#
2003,10,2,30.9,#
2003,10,3,29.5,C
2003,10,4,29.7,C
2003,10,5,29.9,C
2003,10,6,31.1,C
2003,10,7,31.5,#
2003,10,8,28.3,#
2003,10,9,29.7,C
2003,10,10,26.9,#
2003,10,11,29.0,C
2003,10,12,33.6,#
2003,10,13,33.7,#
2003,10,14,23.3,C
2003,10,15,23.9,#
2003,10,16,27.5,#
2003,10,17,27.5,C
2003,10,18,27.6,C
2003,10,19,26.0,#
2003,10,20,27.5,C
2003,10,21,29.9,C
2003,10,22,28.9,#
2003,10,23,26.5,#
2003,10,24,26.0,C
2003,10,25,28.3,C
2003,10,26,26.3,#
2003,10,27,26.2,C
2003,10,28,29.7,C
2003,10,29,25.9,C
2003,10,30,24.9,#
2003,10,31,25.6,#
2003,11,1,28.9,#
2003,11,2,30.8,C
2003,11,3,30.9,C
2003,11,4,28.0,#
2003,11,5,27.9,#
2003,11,6,27.0,#
2003,11,7,26.4,C
2003,11,8,24.4,C
2003,11,9,24.5,C
2003,11,10,22.8,#
2003,11,11,22.3,#
2003,11,12,20.6,#
2003,11,13,21.9,C
2003,11,14,23.2,C
2003,11,15,26.1,C
2003,11,16,25.7,C
2003,11,17,23.1,C
2003,11,18,22.9,C
2003,11,19,24.0,C
2003,11,20,24.6,#
2003,11,21,25.2,#
2003,11,22,22.4,C
2003,11,23,22.1,C
2003,11,24,25.5,#
2003,11,25,26.8,#
2003,11,26,25.8,#
2003,11,27,23.0,#
2003,11,28,23.8,#
2003,11,29,19.8,#
2003,11,30,20.0,#
2003,12,1,21.2,#
2003,12,2,20.3,#
2003,12,3,20.9,#
2003,12,4,20.6,#
2003,12,5,23.9,#
2003,12,6,25.7,#
2003,12,7,21.2,#
2003,12,8,19.6,#
2003,12,9,20.9,#
2003,12,10,20.1,#
2003,12,11,20.2,C
2003,12,12,17.7,#
2003,12,13,18.3,#
2003,12,14,19.7,C
2003,12,15,17.5,C
2003,12,16,19.5,#
2003,12,17,22.5,#
2003,12,18,20.2,#
2003,12,19,15.7,C
2003,12,20,14.1,#
2003,12,21,16.9,#
2003,12,22,20.3,C
2003,12,23,19.7,#
2003,12,24,23.2,C
2003,12,25,24.7,#
2003,12,26,19.6,#
2003,12,27,16.4,#
2003,12,28,18.3,#
2003,12,29,21.3,#
2003,12,30,22.3,C
2003,12,31,23.6,#
2004,1,1,20.6,#
2004,1,2,22.4,#
2004,1,3,20.2,C
2004,1,4,19.8,C
2004,1,5,21.6,#
2004,1,6,20.1,C
2004,1,7,20.1,#
2004,1,8,18.8,C
2004,1,9,19.9,C
2004,1,10,18.3,#
2004,1,11,19.7,C
2004,1,12,18.9,#
2004,1,13,16.2,C
2004,1,14,17.0,#
2004,1,15,17.9,#
2004,1,16,24.8,C
2004,1,17,17.9,#
2004,1,18,16.5,#
2004,1,19,12.7,C
2004,1,20,11.5,C
2004,1,21,13.2,C
2004,1,22,14.3,#
2004,1,23,14.3,C
2004,1,24,12.9,C
2004,1,25,13.8,C
2004,1,26,14.5,#
2004,1,27,15.2,#
2004,1,28,15.1,#
2004,1,29,16.7,#
2004,1,30,19.0,C
2004,1,31,17.4,#
2004,2,1,18.8,C
2004,2,2,23.7,C
2004,2,3,16.2,#
2004,2,4,10.5,C
2004,2,5,11.8,#
2004,2,6,13.7,#
2004,2,7,13.5,C
2004,2,8,9.7,#
2004,2,9,16.0,#
2004,2,10,15.5,C
2004,2,11,18.2,C
2004,2,12,22.0,C
2004,2,13,23.5,#
2004,2,14,21.1,C
2004,2,15,21.5,#
2004,2,16,18.9,C
2004,2,17,23.7,#
2004,2,18,19.9,#
2004,2,19,23.8,#
2004,2,20,23.9,#
2004,2,21,24.8,C
2004,2,22,27.2,#
2004,2,23,20.7,#
2004,2,24,19.2,C
2004,2,25,23.6,#
2004,2,26,22.0,#
2004,2,27,21.6,#
2004,2,28,22.7,C
2004,2,29,27.0,C
2004,3,1,26.2,#
2004,3,2,22.3,#
2004,3,3,15.7,#
2004,3,4,17.7,#
2004,3,5,21.4,#
2004,3,6,23.1,#
2004,3,7,18.3,#
2004,3,8,17.7,C
2004,3,9,20.5,#
2004,3,10,23.3,#
2004,3,11,27.0,#
2004,3,12,24.3,C
2004,3,13,20.8,#
2004,3,14,20.8,#
2004,3,15,19.9,C
2004,3,16,21.1,C
2004,3,17,23.8,C
2004,3,18,20.8,C
2004,3,19,19.2,C
2004,3,20,21.6,C
2004,3,21,21.7,C
2004,3,22,21.7,#
2004,3,23,19.4,#
2004,3,24,18.9,#
2004,3,25,18.5,#
2004,3,26,17.1,C
2004,3,27,16.9,C
2004,3,28,18.8,#
2004,3,29,18.1,#
2004,3,30,18.6,#
2004,3,31,***,#
2004,4,1,***,#
2004,4,2,***,#
2004,4,3,***,#
2004,4,4,***,#
2004,4,5,***,#
2004,4,6,***,#
2004,4,7,***,#
2004,4,8,19.7,#
2004,4,9,20.2,#
2004,4,10,23.6,C
2004,4,11,26.7,C
2004,4,12,28.9,#
2004,4,13,28.1,C
2004,4,14,23.3,#
2004,4,15,21.9,#
2004,4,16,24.2,#
2004,4,17,26.8,C
2004,4,18,26.7,#
2004,4,19,28.6,C
2004,4,20,27.6,C
2004,4,21,27.1,#
2004,4,22,31.2,C
2004,4,23,29.4,C
2004,4,24,25.4,#
2004,4,25,22.6,#
2004,4,26,25.8,C
2004,4,27,29.1,C
2004,4,28,23.8,C
2004,4,29,22.7,#
2004,4,30,28.7,#
2004,5,1,28.9,#
2004,5,2,28.5,#
2004,5,3,29.0,#
2004,5,4,29.7,C
2004,5,5,25.9,#
2004,5,6,25.2,#
2004,5,7,24.8,C
2004,5,8,25.1,#
2004,5,9,29.0,C
2004,5,10,30.4,#
2004,5,11,29.4,C
2004,5,12,31.9,C
2004,5,13,33.7,#
2004,5,14,27.6,C
2004,5,15,27.3,C
2004,5,16,30.4,C
2004,5,17,30.1,C
2004,5,18,27.4,#
2004,5,19,32.3,C
2004,5,20,29.0,#
2004,5,21,25.3,#
2004,5,22,24.8,#
2004,5,23,29.1,#
2004,5,24,29.3,C
2004,5,25,27.1,C
2004,5,26,30.3,C
2004,5,27,31.8,#
2004,5,28,33.8,C
2004,5,29,33.2,C
2004,5,30,32.2,C
2004,5,31,33.5,C
2004,6,1,33.1,#
2004,6,2,29.8,#
2004,6,3,29.7,#
2004,6,4,28.3,#
2004,6,5,27.7,#
2004,6,6,28.2,#
2004,6,7,26.9,#
2004,6,8,28.2,C
2004,6,9,31.3,#
2004,6,10,28.7,C
2004,6,11,27.9,C
2004,6,12,28.1,#
2004,6,13,29.0,C
2004,6,14,29.2,C
2004,6,15,27.9,C
2004,6,16,29.5,C
2004,6,17,34.5,C
2004,6,18,34.8,C
2004,6,19,31.3,C
2004,6,20,31.8,C
2004,6,21,32.0,C
2004,6,22,33.3,C
2004,6,23,32.6,C
2004,6,24,33.7,#
2004,6,25,32.2,C
2004,6,26,33.3,#
2004,6,27,33.5,#
2004,6,28,35.1,#
2004,6,29,35.1,C
2004,6,30,35.6,C
2004,7,1,34.4,#
2004,7,2,33.6,#
2004,7,3,29.2,#
2004,7,4,31.9,C
2004,7,5,31.9,#
2004,7,6,31.1,#
2004,7,7,32.6,C
2004,7,8,33.2,#
2004,7,9,32.2,#
2004,7,10,31.3,C
2004,7,11,31.7,C
2004,7,12,32.4,C
2004,7,13,34.0,#
2004,7,14,33.4,C
2004,7,15,34.8,#
2004,7,16,27.3,#
2004,7,17,26.2,C
2004,7,18,29.7,C
2004,7,19,30.0,#
2004,7,20,28.6,C
2004,7,21,27.6,#
2004,7,22,29.0,C
2004,7,23,29.8,#
2004,7,24,31.0,C
2004,7,25,30.4,#
2004,7,26,30.1,#
2004,7,27,31.8,#
2004,7,28,31.4,#
2004,7,29,27.0,#
2004,7,30,27.3,#
2004,7,31,30.6,C
2004,8,1,32.3,#
2004,8,2,32.0,#
2004,8,3,32.1,#
2004,8,4,32.7,#
2004,8,5,30.4,#
2004,8,6,27.5,C
2004,8,7,31.3,#
2004,8,8,32.8,#
2004,8,9,***,#
2004,8,10,***,#
2004,8,11,28.2,#
2004,8,12,29.6,#
2004,8,13,30.6,#
2004,8,14,31.3,C
2004,8,15,32.1,C
2004,8,16,33.4,C
2004,8,17,34.9,C
2004,8,18,32.5,#
2004,8,19,34.5,C
2004,8,20,31.4,#
2004,8,21,28.6,#
2004,8,22,27.8,C
2004,8,23,31.6,#
2004,8,24,34.0,#
2004,8,25,32.3,C
2004,8,26,29.2,#
2004,8,27,27.2,C
2004,8,28,30.2,#
2004,8,29,27.5,C
2004,8,30,28.4,#
2004,8,31,29.0,C
2004,9,1,29.7,#
2004,9,2,31.8,#
2004,9,3,30.6,C
2004,9,4,32.4,#
2004,9,5,33.5,#
2004,9,6,33.5,#
2004,9,7,33.6,C
2004,9,8,28.3,C
2004,9,9,26.5,#
2004,9,10,29.5,#
2004,9,11,28.2,C
2004,9,12,29.5,#
2004,9,13,31.9,#
2004,9,14,32.3,#
2004,9,15,31.4,#
2004,9,16,32.8,#
2004,9,17,30.5,#
2004,9,18,30.5,#
2004,9,19,28.8,#
2004,9,20,32.6,#
2004,9,21,31.7,#
2004,9,22,30.8,C
2004,9,23,31.5,#
2004,9,24,28.7,C
2004,9,25,28.4,#
2004,9,26,32.6,C
2004,9,27,32.7,C
2004,9,28,33.6,#
2004,9,29,32.3,C
2004,9,30,29.0,#
2004,10,1,31.5,#
2004,10,2,24.9,#
2004,10,3,25.7,#
2004,10,4,26.6,#
2004,10,5,28.8,C
2004,10,6,31.1,#
2004,10,7,29.6,C
2004,10,8,30.8,C
2004,10,9,30.5,C
2004,10,10,28.6,C
2004,10,11,29.9,C
2004,10,12,29.8,#
2004,10,13,27.8,C
2004,10,14,26.1,C
2004,10,15,26.0,C
2004,10,16,27.5,C
2004,10,17,28.5,C
2004,10,18,29.4,#
2004,10,19,28.4,#
2004,10,20,29.0,#
2004,10,21,26.8,C
2004,10,22,26.0,C
2004,10,23,25.2,C
2004,10,24,28.6,C
2004,10,25,32.8,C
2004,10,26,26.8,#
2004,10,27,25.7,C
2004,10,28,24.9,C
2004,10,29,26.7,C
2004,10,30,25.8,C
2004,10,31,28.0,C
2004,11,1,27.7,C
2004,11,2,26.7,#
2004,11,3,24.7,C
2004,11,4,23.9,C
2004,11,5,25.5,C
2004,11,6,26.7,C
2004,11,7,24.8,#
2004,11,8,24.4,#
2004,11,9,24.7,C
2004,11,10,27.8,C
2004,11,11,28.4,C
2004,11,12,29.5,C
2004,11,13,24.4,#
2004,11,14,***,#
2004,11,15,22.4,#
2004,11,16,21.2,#
2004,11,17,23.5,C
2004,11,18,23.5,#
2004,11,19,24.3,C
2004,11,20,22.7,C
2004,11,21,24.0,C
2004,11,22,24.2,C
2004,11,23,22.6,C
2004,11,24,23.4,#
2004,11,25,28.8,C
2004,11,26,22.5,C
2004,11,27,19.7,C
2004,11,28,24.0,C
2004,11,29,24.5,C
2004,11,30,22.6,C
2004,12,1,22.3,C
2004,12,2,24.7,#
2004,12,3,24.2,C
2004,12,4,23.7,C
2004,12,5,22.0,C
2004,12,6,20.0,C
2004,12,7,21.4,C
2004,12,8,21.8,C
2004,12,9,21.6,C
2004,12,10,22.0,C
2004,12,11,21.3,C
2004,12,12,22.6,C
2004,12,13,22.0,#
2004,12,14,19.2,C
2004,12,15,23.5,#
2004,12,16,21.4,C
2004,12,17,21.9,C
2004,12,18,22.7,C
2004,12,19,24.2,C
2004,12,20,24.1,C
2004,12,21,19.8,#
2004,12,22,20.3,C
2004,12,23,26.0,C
2004,12,24,20.3,C
2004,12,25,19.4,C
2004,12,26,20.4,C
2004,12,27,23.0,C
2004,12,28,16.1,#
2004,12,29,15.8,#
2004,12,30,17.8,C
2004,12,31,10.7,C
2005,1,1,11.5,C
2005,1,2,14.7,C
2005,1,3,17.7,C
2005,1,4,19.5,C
2005,1,5,17.6,C
2005,1,6,21.8,C
2005,1,7,18.7,C
2005,1,8,18.8,C
2005,1,9,16.7,C
2005,1,10,16.4,C
2005,1,11,18.8,C
2005,1,12,17.9,C
2005,1,13,15.6,C
2005,1,14,13.8,C
2005,1,15,16.0,C
2005,1,16,16.9,C
2005,1,17,15.4,C
2005,1,18,17.5,C
2005,1,19,17.5,C
2005,1,20,16.4,#
2005,1,21,16.0,C
2005,1,22,17.3,C
2005,1,23,20.7,C
2005,1,24,19.1,C
2005,1,25,19.8,C
2005,1,26,17.3,C
2005,1,27,17.1,#
2005,1,28,17.7,C
2005,1,29,16.8,C
2005,1,30,16.5,C
2005,1,31,13.6,C
2005,2,1,12.8,C
2005,2,2,13.3,C
2005,2,3,13.7,C
2005,2,4,17.6,C
2005,2,5,16.4,C
2005,2,6,17.5,C
2005,2,7,22.9,#
2005,2,8,18.6,C
2005,2,9,19.1,#
2005,2,10,20.2,C
2005,2,11,15.6,C
2005,2,12,18.2,C
2005,2,13,16.1,C
2005,2,14,16.8,C
2005,2,15,18.5,C
2005,2,16,22.7,#
2005,2,17,22.5,#
2005,2,18,16.5,C
2005,2,19,13.1,#
2005,2,20,10.0,#
2005,2,21,10.8,C
2005,2,22,12.7,C
2005,2,23,16.6,#
2005,2,24,20.9,#
2005,2,25,19.6,C
2005,2,26,15.4,C
2005,2,27,13.5,C
2005,2,28,14.3,C
2005,3,1,13.5,C
2005,3,2,13.4,C
2005,3,3,13.6,C
2005,3,4,13.7,#
2005,3,5,18.4,C
2005,3,6,15.2,C
2005,3,7,18.4,C
2005,3,8,20.5,#
2005,3,9,20.4,#
2005,3,10,22.1,#
2005,3,11,20.4,#
2005,3,12,20.6,C
2005,3,13,10.4,C
2005,3,14,12.5,#
2005,3,15,15.3,C
2005,3,16,18.4,C
2005,3,17,25.7,C
2005,3,18,20.8,C
2005,3,19,17.4,C
2005,3,20,21.0,C
2005,3,21,17.6,C
2005,3,22,20.1,C
2005,3,23,23.1,C
2005,3,24,21.7,C
2005,3,25,17.6,C
2005,3,26,17.8,C
2005,3,27,21.9,C
2005,3,28,23.2,C
2005,3,29,22.8,C
2005,3,30,19.2,#
2005,3,31,17.6,#
2005,4,1,17.6,C
2005,4,2,24.0,#
2005,4,3,24.6,C
2005,4,4,20.6,C
2005,4,5,19.9,C
2005,4,6,25.4,#
2005,4,7,26.3,C
2005,4,8,25.6,C
2005,4,9,26.6,C
2005,4,10,26.2,C
2005,4,11,26.0,#
2005,4,12,24.4,#
2005,4,13,16.9,#
2005,4,14,22.1,#
2005,4,15,21.8,C
2005,4,16,21.3,C
2005,4,17,21.2,C
2005,4,18,27.0,C
2005,4,19,27.5,#
2005,4,20,27.8,C
2005,4,21,25.1,C
2005,4,22,28.0,#
2005,4,23,27.1,C
2005,4,24,27.7,C
2005,4,25,23.8,C
2005,4,26,23.0,C
2005,4,27,21.7,C
2005,4,28,26.5,C
2005,4,29,27.4,C
2005,4,30,27.6,C
2005,5,1,27.4,C
2005,5,2,30.1,C
2005,5,3,29.0,C
2005,5,4,29.1,C
2005,5,5,28.8,C
2005,5,6,28.7,#
2005,5,7,26.4,C
2005,5,8,24.6,C
2005,5,9,25.8,C
2005,5,10,23.9,#
2005,5,11,23.9,C
2005,5,12,28.0,#
2005,5,13,29.9,#
2005,5,14,30.3,C
2005,5,15,31.4,C
2005,5,16,30.6,C
2005,5,17,31.1,#
2005,5,18,33.0,C
2005,5,19,27.7,#
2005,5,20,26.5,C
2005,5,21,28.5,C
2005,5,22,32.5,C
2005,5,23,28.5,C
2005,5,24,26.8,#
2005,5,25,26.9,C
2005,5,26,25.8,#
2005,5,27,27.4,C
2005,5,28,27.5,C
2005,5,29,25.5,C
2005,5,30,26.4,C
2005,5,31,30.1,C
2005,6,1,30.3,C
2005,6,2,30.2,#
2005,6,3,31.5,C
2005,6,4,29.0,C
2005,6,5,26.1,C
2005,6,6,25.7,C
2005,6,7,24.9,C
2005,6,8,26.6,C
2005,6,9,26.2,C
2005,6,10,30.8,C
2005,6,11,30.9,C
2005,6,12,30.2,C
2005,6,13,27.8,C
2005,6,14,29.0,#
2005,6,15,***,#
2005,6,16,***,#
2005,6,17,***,#
2005,6,18,***,#
2005,6,19,***,#
2005,6,20,***,#
2005,6,21,***,#
2005,6,22,***,#
2005,6,23,***,#
2005,6,24,***,#
2005,6,25,***,#
2005,6,26,***,#
2005,6,27,***,#
2005,6,28,***,#
2005,6,29,***,#
2005,6,30,26.9,#
2005,7,1,29.8,C
2005,7,2,30.7,C
2005,7,3,31.7,C
2005,7,4,32.9,C
2005,7,5,32.7,C
2005,7,6,31.7,C
2005,7,7,31.2,C
2005,7,8,30.0,C
2005,7,9,29.7,C
2005,7,10,30.6,C
2005,7,11,32.7,C
2005,7,12,33.0,C
2005,7,13,31.5,C
2005,7,14,31.3,C
2005,7,15,33.3,C
2005,7,16,32.6,C
2005,7,17,31.5,C
2005,7,18,31.8,#
2005,7,19,31.9,#
2005,7,20,30.9,C
2005,7,21,30.9,C
2005,7,22,27.4,C
2005,7,23,30.3,C
2005,7,24,30.7,#
2005,7,25,32.3,C
2005,7,26,31.2,C
2005,7,27,31.0,C
2005,7,28,28.8,C
2005,7,29,28.2,C
2005,7,30,27.9,C
2005,7,31,27.3,C
2005,8,1,31.1,C
2005,8,2,32.8,C
2005,8,3,30.6,C
2005,8,4,30.8,C
2005,8,5,30.7,#
2005,8,6,31.3,C
2005,8,7,31.9,C
2005,8,8,30.8,C
2005,8,9,28.9,C
2005,8,10,29.4,C
2005,8,11,29.9,C
2005,8,12,32.6,C
2005,8,13,27.6,C
2005,8,14,29.4,C
2005,8,15,31.3,C
2005,8,16,28.4,C
2005,8,17,27.6,C
2005,8,18,27.0,C
2005,8,19,26.0,C
2005,8,20,24.9,#
2005,8,21,25.8,#
2005,8,22,30.2,C
2005,8,23,31.2,C
2005,8,24,28.9,C
2005,8,25,28.7,#
2005,8,26,27.5,C
2005,8,27,26.3,C
2005,8,28,27.7,C
2005,8,29,29.1,C
2005,8,30,29.4,C
2005,8,31,30.4,#
2005,9,1,30.5,#
2005,9,2,31.3,C
2005,9,3,30.5,C
2005,9,4,26.0,C
2005,9,5,29.7,#
2005,9,6,33.4,C
2005,9,7,33.1,C
2005,9,8,28.7,C
2005,9,9,29.7,C
2005,9,10,30.7,C
2005,9,11,32.2,C
2005,9,12,31.2,C
2005,9,13,31.2,C
2005,9,14,31.7,C
2005,9,15,31.3,C
2005,9,16,31.7,C
2005,9,17,29.8,C
2005,9,18,30.5,C
2005,9,19,33.1,C
2005,9,20,32.3,C
2005,9,21,31.2,C
2005,9,22,34.0,C
2005,9,23,31.1,C
2005,9,24,27.1,C
2005,9,25,27.4,C
2005,9,26,27.0,C
2005,9,27,28.4,C
2005,9,28,28.8,C
2005,9,29,29.8,#
2005,9,30,31.2,#
2005,10,1,32.8,C
2005,10,2,30.7,C
2005,10,3,33.5,C
2005,10,4,31.9,C
2005,10,5,32.1,C
2005,10,6,30.1,C
2005,10,7,30.4,C
2005,10,8,29.7,C
2005,10,9,28.8,C
2005,10,10,27.7,C
2005,10,11,29.0,C
2005,10,12,28.1,C
2005,10,13,31.3,C
2005,10,14,30.8,C
2005,10,15,30.8,C
2005,10,16,30.0,C
2005,10,17,27.3,C
2005,10,18,27.2,C
2005,10,19,26.5,C
2005,10,20,27.4,C
2005,10,21,30.8,C
2005,10,22,27.9,C
2005,10,23,25.3,C
2005,10,24,26.7,C
2005,10,25,25.3,C
2005,10,26,26.7,C
2005,10,27,27.0,C
2005,10,28,27.4,C
2005,10,29,26.1,C
2005,10,30,24.7,C
2005,10,31,23.0,C
2005,11,1,23.3,#
2005,11,2,25.1,C
2005,11,3,25.6,C
2005,11,4,25.7,#
2005,11,5,28.9,C
2005,11,6,31.0,C
2005,11,7,28.3,C
2005,11,8,27.5,C
2005,11,9,28.0,#
2005,11,10,29.9,C
2005,11,11,30.3,C
2005,11,12,30.5,C
2005,11,13,25.6,C
2005,11,14,25.5,C
2005,11,15,23.6,C
2005,11,16,23.0,C
2005,11,17,23.6,C
2005,11,18,23.4,C
2005,11,19,21.7,C
2005,11,20,20.7,C
2005,11,21,20.7,C
2005,11,22,22.4,C
2005,11,23,26.0,C
2005,11,24,24.3,C
2005,11,25,23.3,C
2005,11,26,26.1,C
2005,11,27,24.3,C
2005,11,28,28.1,C
2005,11,29,26.9,#
2005,11,30,22.0,C
2005,12,1,22.8,C
2005,12,2,24.3,C
2005,12,3,23.6,C
2005,12,4,21.2,C
2005,12,5,16.8,C
2005,12,6,13.3,C
2005,12,7,16.5,C
2005,12,8,19.5,C
2005,12,9,20.4,C
2005,12,10,21.5,C
2005,12,11,21.1,C
2005,12,12,17.2,C
2005,12,13,16.8,C
2005,12,14,16.2,C
2005,12,15,17.0,C
2005,12,16,17.4,C
2005,12,17,18.6,C
2005,12,18,15.9,C
2005,12,19,17.4,#
2005,12,20,20.2,C
2005,12,21,16.4,C
2005,12,22,14.7,#
2005,12,23,18.0,C
2005,12,24,22.0,C
2005,12,25,20.9,C
2005,12,26,21.4,C
2005,12,27,18.5,C
2005,12,28,16.6,C
2005,12,29,21.8,C
2005,12,30,18.6,C
2005,12,31,23.6,C
2006,1,1,22.0,C
2006,1,2,22.8,C
2006,1,3,17.2,#
2006,1,4,18.6,C
2006,1,5,18.3,C
2006,1,6,12.0,C
2006,1,7,13.6,C
2006,1,8,12.9,C
2006,1,9,16.0,C
2006,1,10,16.2,C
2006,1,11,18.7,C
2006,1,12,21.3,C
2006,1,13,24.4,C
2006,1,14,19.1,C
2006,1,15,21.7,C
2006,1,16,23.6,C
2006,1,17,18.6,C
2006,1,18,18.9,C
2006,1,19,18.5,C
2006,1,20,17.6,C
2006,1,21,13.6,#
2006,1,22,13.3,C
2006,1,23,14.4,#
2006,1,24,16.3,C
2006,1,25,20.7,C
2006,1,26,19.1,C
2006,1,27,19.9,#
2006,1,28,15.8,C
2006,1,29,20.5,C
2006,1,30,22.3,C
2006,1,31,23.4,C
2006,2,1,22.1,C
2006,2,2,18.4,#
2006,2,3,21.2,C
2006,2,4,17.0,C
2006,2,5,15.7,C
2006,2,6,23.2,C
2006,2,7,22.7,C
2006,2,8,18.0,C
2006,2,9,15.9,C
2006,2,10,19.2,C
2006,2,11,21.1,C
2006,2,12,19.0,C
2006,2,13,17.7,C
2006,2,14,17.8,C
2006,2,15,24.3,C
2006,2,16,23.3,C
2006,2,17,20.8,C
2006,2,18,15.3,C
2006,2,19,19.8,C
2006,2,20,21.6,C
2006,2,21,23.0,C
2006,2,22,23.2,C
2006,2,23,19.1,#
2006,2,24,17.2,C
2006,2,25,19.3,C
2006,2,26,24.0,C
2006,2,27,16.8,C
2006,2,28,15.6,C
2006,3,1,12.8,C
2006,3,2,14.1,#
2006,3,3,18.2,C
2006,3,4,17.8,C
2006,3,5,18.7,C
2006,3,6,20.1,C
2006,3,7,19.7,C
2006,3,8,20.7,C
2006,3,9,24.4,C
2006,3,10,21.3,C
2006,3,11,22.1,C
2006,3,12,22.7,C
2006,3,13,13.9,C
2006,3,14,14.5,C
2006,3,15,18.2,C
2006,3,16,23.6,C
2006,3,17,20.1,C
2006,3,18,25.6,C
2006,3,19,22.1,C
2006,3,20,18.7,C
2006,3,21,20.7,C
2006,3,22,20.9,C
2006,3,23,24.4,C
2006,3,24,18.9,C
2006,3,25,18.4,C
2006,3,26,18.5,C
2006,3,27,18.2,#
2006,3,28,22.6,C
2006,3,29,20.2,C
2006,3,30,22.0,C
2006,3,31,21.7,C
2006,4,1,27.3,C
2006,4,2,24.3,C
2006,4,3,28.2,C
2006,4,4,28.9,#
2006,4,5,30.4,C
2006,4,6,26.0,C
2006,4,7,22.7,C
2006,4,8,23.7,C
2006,4,9,25.5,C
2006,4,10,28.0,#
2006,4,11,31.1,C
2006,4,12,31.8,C
2006,4,13,25.8,C
2006,4,14,18.9,C
2006,4,15,18.0,C
2006,4,16,19.1,C
2006,4,17,23.7,C
2006,4,18,25.1,C
2006,4,19,31.3,C
2006,4,20,29.6,C
2006,4,21,23.9,C
2006,4,22,29.5,C
2006,4,23,32.2,C
2006,4,24,25.0,#
2006,4,25,24.0,#
2006,4,26,28.7,C
2006,4,27,29.3,#
2006,4,28,25.6,C
2006,4,29,23.7,C
2006,4,30,27.8,C
2006,5,1,29.8,C
2006,5,2,28.9,C
2006,5,3,24.0,C
2006,5,4,25.2,C
2006,5,5,28.3,C
2006,5,6,31.9,C
2006,5,7,33.2,C
2006,5,8,32.0,C
2006,5,9,32.9,C
2006,5,10,32.3,#
2006,5,11,30.7,C
2006,5,12,27.3,C
2006,5,13,30.0,C
2006,5,14,27.6,C
2006,5,15,27.4,#
2006,5,16,25.4,C
2006,5,17,24.6,C
2006,5,18,30.7,C
2006,5,19,30.6,C
2006,5,20,24.7,C
2006,5,21,25.0,C
2006,5,22,26.6,#
2006,5,23,27.9,C
2006,5,24,27.2,C
2006,5,25,29.6,#
2006,5,26,30.3,#
2006,5,27,27.3,C
2006,5,28,26.3,C
2006,5,29,23.6,C
2006,5,30,26.3,C
2006,5,31,27.2,C
2006,6,1,27.4,C
2006,6,2,26.7,C
2006,6,3,28.4,C
2006,6,4,30.3,C
2006,6,5,28.9,C
2006,6,6,30.4,#
2006,6,7,30.1,C
2006,6,8,28.8,C
2006,6,9,27.4,C
2006,6,10,25.6,C
2006,6,11,27.7,C
2006,6,12,25.3,C
2006,6,13,29.4,#
2006,6,14,30.7,#
2006,6,15,29.7,#
2006,6,16,31.7,#
2006,6,17,33.0,#
2006,6,18,32.7,C
2006,6,19,29.8,C
2006,6,20,31.7,C
2006,6,21,30.9,C
2006,6,22,32.6,C
2006,6,23,33.3,#
2006,6,24,33.4,#
2006,6,25,34.7,C
2006,6,26,34.3,C
2006,6,27,33.3,C
2006,6,28,28.8,C
2006,6,29,30.5,C
2006,6,30,27.4,#
2006,7,1,***,#
2006,7,2,***,#
2006,7,3,***,#
2006,7,4,31.1,#
2006,7,5,32.0,C
2006,7,6,31.0,C
2006,7,7,32.2,C
2006,7,8,31.2,C
2006,7,9,32.1,C
2006,7,10,30.6,C
2006,7,11,32.6,C
2006,7,12,33.9,C
2006,7,13,33.3,C
2006,7,14,30.2,C
2006,7,15,28.1,C
2006,7,16,28.6,C
2006,7,17,30.7,C
2006,7,18,32.0,C
2006,7,19,33.0,C
2006,7,20,32.3,C
2006,7,21,33.9,C
2006,7,22,33.5,C
2006,7,23,34.0,C
2006,7,24,33.8,C
2006,7,25,31.9,C
2006,7,26,28.5,C
2006,7,27,26.9,C
2006,7,28,27.0,C
2006,7,29,25.4,#
2006,7,30,27.6,C
2006,7,31,29.3,C
2006,8,1,32.4,#
2006,8,2,27.7,C
2006,8,3,26.8,C
2006,8,4,28.1,C
2006,8,5,30.2,C
2006,8,6,28.9,C
2006,8,7,31.8,C
2006,8,8,33.4,C
2006,8,9,33.9,#
2006,8,10,28.9,C
2006,8,11,29.7,#
2006,8,12,31.4,C
2006,8,13,32.0,C
2006,8,14,31.4,C
2006,8,15,31.9,C
2006,8,16,32.8,#
2006,8,17,34.9,C
2006,8,18,32.7,C
2006,8,19,32.6,C
2006,8,20,32.8,C
2006,8,21,31.3,C
2006,8,22,31.6,C
2006,8,23,33.7,C
2006,8,24,30.9,C
2006,8,25,30.5,#
2006,8,26,31.2,C
2006,8,27,31.4,C
2006,8,28,30.8,C
2006,8,29,32.7,C
2006,8,30,32.8,C
2006,8,31,31.2,C
2006,9,1,31.8,#
2006,9,2,32.0,C
2006,9,3,30.3,C
2006,9,4,31.5,C
2006,9,5,31.3,#
2006,9,6,31.7,C
2006,9,7,27.7,#
2006,9,8,31.9,C
2006,9,9,33.2,C
2006,9,10,27.5,C
2006,9,11,26.6,C
2006,9,12,23.7,C
2006,9,13,25.9,C
2006,9,14,28.8,C
2006,9,15,31.7,C
2006,9,16,28.0,C
2006,9,17,29.4,C
2006,9,18,29.0,C
2006,9,19,28.3,C
2006,9,20,29.7,C
2006,9,21,29.3,C
2006,9,22,28.7,#
2006,9,23,28.6,C
2006,9,24,26.0,#
2006,9,25,27.4,C
2006,9,26,28.2,C
2006,9,27,28.2,C
2006,9,28,28.7,#
2006,9,29,31.3,C
2006,9,30,26.6,C
2006,10,1,26.2,C
2006,10,2,31.2,C
2006,10,3,32.5,C
2006,10,4,32.8,C
2006,10,5,32.2,C
2006,10,6,30.8,C
2006,10,7,31.9,C
2006,10,8,29.4,C
2006,10,9,26.5,#
2006,10,10,30.0,C
2006,10,11,31.3,C
2006,10,12,29.3,C
2006,10,13,30.8,C
2006,10,14,30.9,C
2006,10,15,27.3,#
2006,10,16,28.8,C
2006,10,17,28.7,C
2006,10,18,29.0,#
2006,10,19,28.7,C
2006,10,20,30.7,C
2006,10,21,29.0,C
2006,10,22,31.0,C
2006,10,23,31.6,#
2006,10,24,27.2,#
2006,10,25,28.3,C
2006,10,26,29.5,C
2006,10,27,28.9,C
2006,10,28,30.8,C
2006,10,29,31.7,C
2006,10,30,30.3,C
2006,10,31,28.2,#
2006,11,1,26.7,C
2006,11,2,25.3,C
2006,11,3,22.8,C
2006,11,4,28.2,C
2006,11,5,29.2,C
2006,11,6,30.3,C
2006,11,7,27.3,C
2006,11,8,25.4,C
2006,11,9,26.8,C
2006,11,10,30.6,C
2006,11,11,29.3,C
2006,11,12,25.5,C
2006,11,13,26.3,#
2006,11,14,27.6,C
2006,11,15,23.7,C
2006,11,16,23.0,C
2006,11,17,25.4,C
2006,11,18,25.3,C
2006,11,19,29.9,C
2006,11,20,25.1,C
2006,11,21,23.0,#
2006,11,22,21.6,C
2006,11,23,25.3,#
2006,11,24,23.6,C
2006,11,25,23.6,C
2006,11,26,26.3,C
2006,11,27,26.3,C
2006,11,28,23.2,C
2006,11,29,21.9,C
2006,11,30,21.9,C
2006,12,1,22.7,C
2006,12,2,22.6,C
2006,12,3,21.5,#
2006,12,4,21.6,#
2006,12,5,23.3,C
2006,12,6,22.4,C
2006,12,7,25.0,C
2006,12,8,24.7,C
2006,12,9,22.0,C
2006,12,10,20.4,C
2006,12,11,22.4,C
2006,12,12,22.8,C
2006,12,13,21.8,C
2006,12,14,17.9,C
2006,12,15,16.2,C
2006,12,16,17.7,C
2006,12,17,18.2,C
2006,12,18,17.4,C
2006,12,19,19.9,C
2006,12,20,20.0,C
2006,12,21,20.0,C
2006,12,22,21.2,C
2006,12,23,18.8,C
2006,12,24,21.3,C
2006,12,25,24.1,C
2006,12,26,21.8,C
2006,12,27,22.4,C
2006,12,28,20.7,C
2006,12,29,16.9,C
2006,12,30,18.6,C
2006,12,31,19.3,C
2007,1,1,22.6,C
2007,1,2,19.2,C
2007,1,3,18.4,C
2007,1,4,18.4,C
2007,1,5,19.9,C
2007,1,6,16.7,C
2007,1,7,16.6,C
2007,1,8,17.1,C
2007,1,9,19.0,C
2007,1,10,17.8,C
2007,1,11,17.0,C
2007,1,12,20.1,#
2007,1,13,20.9,C
2007,1,14,19.9,C
2007,1,15,20.2,C
2007,1,16,24.4,#
2007,1,17,19.1,C
2007,1,18,17.8,C
2007,1,19,19.2,C
2007,1,20,17.2,C
2007,1,21,16.6,C
2007,1,22,16.9,C
2007,1,23,18.0,C
2007,1,24,18.1,C
2007,1,25,16.9,C
2007,1,26,19.4,C
2007,1,27,18.4,C
2007,1,28,18.3,C
2007,1,29,18.6,C
2007,1,30,21.4,C
2007,1,31,21.5,C
2007,2,1,19.2,C
2007,2,2,19.8,C
2007,2,3,18.3,C
2007,2,4,20.6,C
2007,2,5,23.0,C
2007,2,6,25.6,C
2007,2,7,24.3,#
2007,2,8,27.1,#
2007,2,9,27.8,C
2007,2,10,26.4,C
2007,2,11,19.6,C
2007,2,12,20.8,C
2007,2,13,22.0,C
2007,2,14,24.8,C
2007,2,15,20.6,C
2007,2,16,20.5,C
2007,2,17,21.3,C
2007,2,18,25.9,C
2007,2,19,21.1,C
2007,2,20,19.6,C
2007,2,21,21.4,C
2007,2,22,18.9,C
2007,2,23,21.7,C
2007,2,24,19.7,C
2007,2,25,24.3,C
2007,2,26,19.5,C
2007,2,27,20.1,C
2007,2,28,19.6,#
2007,3,1,19.3,C
2007,3,2,25.6,C
2007,3,3,25.6,C
2007,3,4,25.3,C
2007,3,5,25.4,C
2007,3,6,18.4,C
2007,3,7,13.6,C
2007,3,8,14.8,C
2007,3,9,17.0,#
2007,3,10,19.7,C
2007,3,11,18.8,C
2007,3,12,17.7,#
2007,3,13,19.6,C
2007,3,14,20.9,C
2007,3,15,24.0,C
2007,3,16,24.5,C
2007,3,17,21.7,C
2007,3,18,19.2,C
2007,3,19,21.7,C
2007,3,20,22.0,#
2007,3,21,20.6,#
2007,3,22,20.4,C
2007,3,23,21.2,C
2007,3,24,26.0,C
2007,3,25,27.5,C
2007,3,26,23.6,#
2007,3,27,27.9,#
2007,3,28,21.8,#
2007,3,29,26.9,#
2007,3,30,30.5,C
2007,3,31,29.1,C
2007,4,1,28.6,C
2007,4,2,25.1,C
2007,4,3,16.4,C
2007,4,4,15.8,C
2007,4,5,16.9,C
2007,4,6,22.9,C
2007,4,7,20.0,C
2007,4,8,22.7,C
2007,4,9,22.9,C
2007,4,10,20.0,#
2007,4,11,23.2,C
2007,4,12,23.0,C
2007,4,13,27.4,C
2007,4,14,26.6,#
2007,4,15,29.5,#
2007,4,16,29.5,#
2007,4,17,25.9,C
2007,4,18,26.9,C
2007,4,19,22.6,#
2007,4,20,26.2,C
2007,4,21,23.8,C
2007,4,22,28.2,C
2007,4,23,25.1,C
2007,4,24,24.5,#
2007,4,25,20.9,C
2007,4,26,24.4,C
2007,4,27,25.7,C
2007,4,28,23.8,C
2007,4,29,22.9,C
2007,4,30,25.1,#
2007,5,1,29.6,C
2007,5,2,27.5,C
2007,5,3,25.5,C
2007,5,4,25.2,C
2007,5,5,25.5,C
2007,5,6,28.3,C
2007,5,7,31.3,C
2007,5,8,27.8,#
2007,5,9,27.2,C
2007,5,10,26.7,C
2007,5,11,25.7,C
2007,5,12,28.7,C
2007,5,13,29.0,C
2007,5,14,27.8,#
2007,5,15,30.7,C
2007,5,16,29.9,C
2007,5,17,30.1,C
2007,5,18,30.2,#
2007,5,19,27.7,C
2007,5,20,23.7,C
2007,5,21,24.3,C
2007,5,22,25.8,#
2007,5,23,30.6,#
2007,5,24,32.7,#
2007,5,25,32.3,C
2007,5,26,31.2,C
2007,5,27,30.8,#
2007,5,28,31.1,C
2007,5,29,32.5,#
2007,5,30,32.4,C
2007,5,31,30.1,C
2007,6,1,31.0,C
2007,6,2,31.9,#
2007,6,3,32.5,C
2007,6,4,32.1,C
2007,6,5,31.0,C
2007,6,6,31.5,C
2007,6,7,30.2,C
2007,6,8,29.6,#
2007,6,9,31.1,C
2007,6,10,27.8,#
2007,6,11,30.2,C
2007,6,12,31.6,C
2007,6,13,30.3,C
2007,6,14,26.5,C
2007,6,15,29.0,C
2007,6,16,31.6,C
2007,6,17,28.8,#
2007,6,18,30.2,#
2007,6,19,30.6,C
2007,6,20,31.6,C
2007,6,21,33.5,C
2007,6,22,33.9,C
2007,6,23,32.9,C
2007,6,24,33.2,C
2007,6,25,31.0,C
2007,6,26,32.0,C
2007,6,27,32.9,#
2007,6,28,27.9,C
2007,6,29,30.6,#
2007,6,30,28.9,#
2007,7,1,30.3,C
2007,7,2,31.5,C
2007,7,3,30.8,C
2007,7,4,31.9,#
2007,7,5,30.0,C
2007,7,6,30.9,C
2007,7,7,32.7,C
2007,7,8,33.3,#
2007,7,9,32.2,#
2007,7,10,31.1,C
2007,7,11,31.4,C
2007,7,12,32.7,C
2007,7,13,31.6,C
2007,7,14,32.9,C
2007,7,15,33.0,C
2007,7,16,33.9,C
2007,7,17,32.7,C
2007,7,18,31.2,C
2007,7,19,31.9,C
2007,7,20,32.1,C
2007,7,21,32.4,C
2007,7,22,32.2,C
2007,7,23,31.6,C
2007,7,24,33.9,C
2007,7,25,35.1,#
2007,7,26,36.1,C
2007,7,27,33.1,C
2007,7,28,35.6,C
2007,7,29,34.7,C
2007,7,30,35.1,C
2007,7,31,36.9,#
2007,8,1,34.6,C
2007,8,2,33.7,#
2007,8,3,37.9,C
2007,8,4,34.6,C
2007,8,5,31.9,C
2007,8,6,28.7,C
2007,8,7,31.1,#
2007,8,8,33.0,#
2007,8,9,27.2,#
2007,8,10,26.3,#
2007,8,11,26.3,#
2007,8,12,26.8,C
2007,8,13,29.4,C
2007,8,14,27.3,C
2007,8,15,30.0,C
2007,8,16,26.5,C
2007,8,17,30.6,C
2007,8,18,30.8,#
2007,8,19,30.0,C
2007,8,20,28.5,C
2007,8,21,29.4,C
2007,8,22,27.6,C
2007,8,23,31.9,#
2007,8,24,31.5,C
2007,8,25,33.3,C
2007,8,26,33.1,C
2007,8,27,32.6,C
2007,8,28,29.4,#
2007,8,29,32.9,C
2007,8,30,34.3,C
2007,8,31,35.7,C
2007,9,1,34.5,C
2007,9,2,30.8,C
2007,9,3,35.8,C
2007,9,4,32.0,C
2007,9,5,29.4,C
2007,9,6,32.4,C
2007,9,7,32.5,#
2007,9,8,28.5,C
2007,9,9,28.2,C
2007,9,10,28.8,C
2007,9,11,30.3,C
2007,9,12,30.5,C
2007,9,13,30.7,C
2007,9,14,33.3,C
2007,9,15,37.1,C
2007,9,16,33.1,C
2007,9,17,34.2,C
2007,9,18,34.2,C
2007,9,19,31.9,C
2007,9,20,33.9,C
2007,9,21,35.9,C
2007,9,22,33.8,C
2007,9,23,27.1,C
2007,9,24,26.5,#
2007,9,25,28.4,C
2007,9,26,29.9,C
2007,9,27,30.3,#
2007,9,28,30.5,C
2007,9,29,34.7,C
2007,9,30,33.2,C
2007,10,1,29.9,C
2007,10,2,28.5,C
2007,10,3,27.1,C
2007,10,4,30.6,C
2007,10,5,33.5,#
2007,10,6,34.3,C
2007,10,7,32.7,C
2007,10,8,31.3,C
2007,10,9,29.4,C
2007,10,10,29.0,C
2007,10,11,28.0,C
2007,10,12,27.0,C
2007,10,13,26.8,C
2007,10,14,26.3,C
2007,10,15,28.2,#
2007,10,16,28.4,C
2007,10,17,28.0,C
2007,10,18,26.5,C
2007,10,19,29.2,C
2007,10,20,25.6,C
2007,10,21,25.1,#
2007,10,22,27.1,C
2007,10,23,26.6,C
2007,10,24,28.8,C
2007,10,25,30.2,C
2007,10,26,33.3,C
2007,10,27,27.1,C
2007,10,28,26.9,C
2007,10,29,26.6,C
2007,10,30,27.3,C
2007,10,31,24.6,C
2007,11,1,21.6,C
2007,11,2,23.0,C
2007,11,3,24.4,#
2007,11,4,26.0,C
2007,11,5,25.3,C
2007,11,6,27.2,C
2007,11,7,24.1,C
2007,11,8,23.0,C
2007,11,9,28.1,C
2007,11,10,25.6,C
2007,11,11,23.5,C
2007,11,12,22.6,C
2007,11,13,24.0,C
2007,11,14,23.8,C
2007,11,15,25.7,C
2007,11,16,27.4,#
2007,11,17,26.5,C
2007,11,18,23.8,C
2007,11,19,23.5,C
2007,11,20,23.0,C
2007,11,21,25.7,C
2007,11,22,24.2,C
2007,11,23,24.2,C
2007,11,24,26.3,C
2007,11,25,26.9,C
2007,11,26,24.1,C
2007,11,27,21.5,C
2007,11,28,19.7,C
2007,11,29,22.1,C
2007,11,30,20.2,#
2007,12,1,21.5,C
2007,12,2,25.5,C
2007,12,3,23.5,C
2007,12,4,20.7,C
2007,12,5,19.3,C
2007,12,6,22.7,C
2007,12,7,24.3,C
2007,12,8,20.3,#
2007,12,9,21.3,C
2007,12,10,21.2,C
2007,12,11,26.5,C
2007,12,12,25.9,C
2007,12,13,28.2,C
2007,12,14,20.4,C
2007,12,15,21.4,C
2007,12,16,19.3,C
2007,12,17,24.2,#
2007,12,18,24.6,#
2007,12,19,20.1,C
2007,12,20,20.5,C
2007,12,21,25.4,C
2007,12,22,21.5,C
2007,12,23,19.2,C
2007,12,24,20.4,C
2007,12,25,20.3,C
2007,12,26,21.1,C
2007,12,27,21.4,C
2007,12,28,23.6,#
2007,12,29,21.1,C
2007,12,30,18.1,C
2007,12,31,17.1,C
2008,1,1,16.3,C
2008,1,2,17.2,#
2008,1,3,19.0,C
2008,1,4,18.1,#
2008,1,5,22.3,C
2008,1,6,20.9,C
2008,1,7,25.0,C
2008,1,8,22.8,C
2008,1,9,26.3,C
2008,1,10,20.0,C
2008,1,11,21.2,#
2008,1,12,28.5,#
2008,1,13,19.5,C
2008,1,14,16.9,C
2008,1,15,16.6,C
2008,1,16,17.1,#
2008,1,17,14.1,#
2008,1,18,16.4,C
2008,1,19,17.1,C
2008,1,20,22.4,C
2008,1,21,23.0,C
2008,1,22,20.8,C
2008,1,23,21.3,C
2008,1,24,16.3,C
2008,1,25,13.7,C
2008,1,26,13.6,#
2008,1,27,13.6,C
2008,1,28,15.8,C
2008,1,29,14.5,C
2008,1,30,13.3,C
2008,1,31,10.8,#
2008,2,1,11.3,#
2008,2,2,11.6,C
2008,2,3,16.8,C
2008,2,4,12.5,#
2008,2,5,14.5,C
2008,2,6,13.6,#
2008,2,7,11.3,C
2008,2,8,14.3,C
2008,2,9,15.1,C
2008,2,10,14.1,C
2008,2,11,12.5,C
2008,2,12,14.9,C
2008,2,13,13.7,C
2008,2,14,17.0,C
2008,2,15,15.8,#
2008,2,16,15.5,#
2008,2,17,18.7,#
2008,2,18,21.9,#
2008,2,19,20.5,C
2008,2,20,21.5,#
2008,2,21,20.4,C
2008,2,22,18.7,C
2008,2,23,18.6,C
2008,2,24,14.3,C
2008,2,25,14.4,C
2008,2,26,19.9,C
2008,2,27,19.2,C
2008,2,28,18.7,C
2008,2,29,20.0,C
2008,3,1,23.9,C
2008,3,2,23.8,C
2008,3,3,27.3,#
2008,3,4,19.6,#
2008,3,5,18.4,#
2008,3,6,20.0,C
2008,3,7,20.7,C
2008,3,8,20.3,C
2008,3,9,21.8,C
2008,3,10,23.2,C
2008,3,11,24.4,C
2008,3,12,21.6,C
2008,3,13,25.8,#
2008,3,14,26.1,C
2008,3,15,21.7,C
2008,3,16,25.5,C
2008,3,17,21.4,C
2008,3,18,23.8,C
2008,3,19,28.5,C
2008,3,20,19.8,C
2008,3,21,20.0,C
2008,3,22,20.3,C
2008,3,23,19.1,C
2008,3,24,25.1,C
2008,3,25,20.1,C
2008,3,26,19.7,#
2008,3,27,24.6,#
2008,3,28,23.4,C
2008,3,29,25.0,C
2008,3,30,24.4,C
2008,3,31,21.4,C
2008,4,1,17.4,C
2008,4,2,18.8,C
2008,4,3,19.2,#
2008,4,4,22.4,C
2008,4,5,26.1,C
2008,4,6,29.0,C
2008,4,7,29.8,C
2008,4,8,29.6,#
2008,4,9,28.5,C
2008,4,10,27.7,C
2008,4,11,24.1,C
2008,4,12,23.5,C
2008,4,13,22.4,C
2008,4,14,24.4,#
2008,4,15,25.6,C
2008,4,16,29.6,C
2008,4,17,27.1,C
2008,4,18,22.5,C
2008,4,19,24.9,#
2008,4,20,30.5,C
2008,4,21,29.4,C
2008,4,22,31.1,C
2008,4,23,22.9,C
2008,4,24,22.0,#
2008,4,25,21.4,#
2008,4,26,28.6,C
2008,4,27,24.2,C
2008,4,28,22.3,C
2008,4,29,25.4,C
2008,4,30,26.9,C
2008,5,1,27.3,C
2008,5,2,24.2,C
2008,5,3,26.2,C
2008,5,4,31.1,C
2008,5,5,29.6,C
2008,5,6,22.9,#
2008,5,7,25.6,C
2008,5,8,29.8,C
2008,5,9,31.0,C
2008,5,10,26.2,C
2008,5,11,25.0,C
2008,5,12,27.3,C
2008,5,13,26.7,#
2008,5,14,26.7,C
2008,5,15,28.0,#
2008,5,16,28.9,#
2008,5,17,27.2,C
2008,5,18,30.9,C
2008,5,19,25.4,#
2008,5,20,22.1,C
2008,5,21,23.9,C
2008,5,22,24.9,C
2008,5,23,30.2,C
2008,5,24,32.5,C
2008,5,25,32.1,C
2008,5,26,30.6,C
2008,5,27,32.6,C
2008,5,28,30.6,#
2008,5,29,28.7,#
2008,5,30,29.2,#
2008,5,31,27.3,C
2008,6,1,27.1,C
2008,6,2,28.1,#
2008,6,3,27.7,C
2008,6,4,25.0,C
2008,6,5,30.1,C
2008,6,6,24.5,C
2008,6,7,27.0,#
2008,6,8,29.7,C
2008,6,9,30.7,C
2008,6,10,30.8,#
2008,6,11,29.9,C
2008,6,12,30.4,#
2008,6,13,27.8,#
2008,6,14,26.6,C
2008,6,15,27.4,C
2008,6,16,28.1,C
2008,6,17,25.2,C
2008,6,18,28.4,C
2008,6,19,30.2,C
2008,6,20,32.3,C
2008,6,21,33.6,C
2008,6,22,31.2,C
2008,6,23,33.4,C
2008,6,24,29.5,C
2008,6,25,26.7,C
2008,6,26,26.5,C
2008,6,27,26.1,C
2008,6,28,28.3,C
2008,6,29,24.9,#
2008,6,30,***,#
2008,7,1,***,#
2008,7,2,***,#
2008,7,3,***,#
2008,7,4,32.9,#
2008,7,5,32.4,#
2008,7,6,30.2,C
2008,7,7,26.3,#
2008,7,8,28.6,C
2008,7,9,27.0,#
2008,7,10,27.0,#
2008,7,11,28.3,#
2008,7,12,26.3,#
2008,7,13,29.8,#
2008,7,14,30.6,#
2008,7,15,29.9,#
2008,7,16,31.4,#
2008,7,17,32.3,C
2008,7,18,30.7,C
2008,7,19,30.2,C
2008,7,20,32.3,C
2008,7,21,31.9,#
2008,7,22,32.2,#
2008,7,23,33.0,C
2008,7,24,33.9,C
2008,7,25,31.7,#
2008,7,26,32.4,C
2008,7,27,32.2,#
2008,7,28,33.7,C
2008,7,29,29.7,C
2008,7,30,29.3,C
2008,7,31,32.6,C
2008,8,1,30.4,C
2008,8,2,34.1,C
2008,8,3,32.9,C
2008,8,4,34.0,#
2008,8,5,28.0,C
2008,8,6,26.6,C
2008,8,7,28.2,#
2008,8,8,26.2,#
2008,8,9,31.9,C
2008,8,10,30.2,C
2008,8,11,26.9,#
2008,8,12,32.1,#
2008,8,13,33.3,C
2008,8,14,30.7,C
2008,8,15,30.4,C
2008,8,16,31.2,C
2008,8,17,34.4,C
2008,8,18,33.2,#
2008,8,19,33.1,C
2008,8,20,33.4,C
2008,8,21,33.4,C
2008,8,22,29.2,C
2008,8,23,27.5,C
2008,8,24,29.9,#
2008,8,25,31.6,C
2008,8,26,32.4,C
2008,8,27,32.7,C
2008,8,28,33.5,C
2008,8,29,33.6,C
2008,8,30,35.0,C
2008,8,31,31.7,C
2008,9,1,32.3,C
2008,9,2,30.9,#
2008,9,3,30.0,C
2008,9,4,32.3,C
2008,9,5,32.6,#
2008,9,6,32.2,C
2008,9,7,32.0,C
2008,9,8,30.1,#
2008,9,9,31.1,#
2008,9,10,33.2,#
2008,9,11,31.2,#
2008,9,12,34.9,#
2008,9,13,34.6,#
2008,9,14,36.0,#
2008,9,15,35.6,#
2008,9,16,36.7,C
2008,9,17,36.9,#
2008,9,18,32.3,#
2008,9,19,29.7,C
2008,9,20,32.2,#
2008,9,21,35.4,#
2008,9,22,36.4,C
2008,9,23,30.7,#
2008,9,24,28.2,#
2008,9,25,31.1,#
2008,9,26,33.1,#
2008,9,27,31.8,C
2008,9,28,33.0,C
2008,9,29,32.8,C
2008,9,30,33.2,#
2008,10,1,31.0,#
2008,10,2,29.9,#
2008,10,3,27.6,C
2008,10,4,31.5,C
2008,10,5,26.9,#
2008,10,6,28.8,#
2008,10,7,27.0,#
2008,10,8,27.8,#
2008,10,9,27.7,C
2008,10,10,30.3,C
2008,10,11,28.7,C
2008,10,12,27.2,#
2008,10,13,25.5,#
2008,10,14,27.4,C
2008,10,15,27.8,C
2008,10,16,31.6,#
2008,10,17,28.7,#
2008,10,18,27.9,#
2008,10,19,29.9,#
2008,10,20,28.3,#
2008,10,21,28.0,C
2008,10,22,29.4,C
2008,10,23,32.9,C
2008,10,24,29.0,C
2008,10,25,27.2,C
2008,10,26,28.6,C
2008,10,27,28.0,#
2008,10,28,27.3,C
2008,10,29,27.6,C
2008,10,30,28.4,C
2008,10,31,27.8,C
2008,11,1,27.3,C
2008,11,2,27.5,C
2008,11,3,26.5,#
2008,11,4,26.0,C
2008,11,5,26.4,#
2008,11,6,27.8,#
2008,11,7,28.8,#
2008,11,8,25.3,#
2008,11,9,***,#
2008,11,10,***,#
2008,11,11,***,#
2008,11,12,***,#
2008,11,13,25.6,#
2008,11,14,26.2,C
2008,11,15,25.9,C
2008,11,16,28.4,C
2008,11,17,25.6,C
2008,11,18,23.4,#
2008,11,19,21.1,#
2008,11,20,20.6,C
2008,11,21,24.8,C
2008,11,22,23.2,C
2008,11,23,28.5,C
2008,11,24,27.0,C
2008,11,25,24.0,C
2008,11,26,25.1,C
2008,11,27,21.4,C
2008,11,28,18.8,C
2008,11,29,20.7,C
2008,11,30,20.6,C
2008,12,1,22.4,#
2008,12,2,24.1,C
2008,12,3,21.0,C
2008,12,4,24.0,C
2008,12,5,19.2,C
2008,12,6,17.7,C
2008,12,7,18.0,C
2008,12,8,22.1,C
2008,12,9,24.0,C
2008,12,10,23.9,C
2008,12,11,25.3,C
2008,12,12,20.0,#
2008,12,13,26.6,C
2008,12,14,21.2,C
2008,12,15,19.3,C
2008,12,16,20.8,C
2008,12,17,22.7,C
2008,12,18,24.6,C
2008,12,19,21.7,C
2008,12,20,24.8,C
2008,12,21,25.5,C
2008,12,22,20.2,C
2008,12,23,16.3,C
2008,12,24,22.5,C
2008,12,25,23.1,C
2008,12,26,18.9,C
2008,12,27,19.2,C
2008,12,28,19.7,C
2008,12,29,23.2,#
2008,12,30,17.3,C
2008,12,31,16.1,C
2009,1,1,18.3,C
2009,1,2,16.3,C
2009,1,3,16.7,C
2009,1,4,21.4,C
2009,1,5,19.2,C
2009,1,6,19.0,C
2009,1,7,20.4,#
2009,1,8,18.6,C
2009,1,9,14.8,C
2009,1,10,14.7,C
2009,1,11,16.1,C
2009,1,12,17.7,C
2009,1,13,15.9,C
2009,1,14,17.1,C
2009,1,15,17.1,C
2009,1,16,17.7,C
2009,1,17,19.2,C
2009,1,18,24.5,C
2009,1,19,21.4,C
2009,1,20,18.9,C
2009,1,21,24.7,C
2009,1,22,22.1,C
2009,1,23,18.8,C
2009,1,24,12.6,C
2009,1,25,15.3,C
2009,1,26,15.7,C
2009,1,27,13.0,C
2009,1,28,16.1,C
2009,1,29,22.8,C
2009,1,30,23.4,C
2009,1,31,18.8,C
2009,2,1,18.2,C
2009,2,2,21.5,#
2009,2,3,25.2,C
2009,2,4,19.3,C
2009,2,5,21.5,#
2009,2,6,20.6,C
2009,2,7,20.2,C
2009,2,8,20.7,C
2009,2,9,23.4,C
2009,2,10,21.0,C
2009,2,11,25.3,C
2009,2,12,22.9,C
2009,2,13,24.6,C
2009,2,14,23.9,C
2009,2,15,23.6,C
2009,2,16,19.8,#
2009,2,17,18.0,#
2009,2,18,19.4,C
2009,2,19,20.9,C
2009,2,20,23.5,C
2009,2,21,18.8,C
2009,2,22,20.7,C
2009,2,23,24.5,C
2009,2,24,26.9,C
2009,2,25,25.4,C
2009,2,26,21.3,C
2009,2,27,22.8,C
2009,2,28,20.2,#
2009,3,1,19.5,#
2009,3,2,19.4,C
2009,3,3,18.6,C
2009,3,4,19.0,#
2009,3,5,19.4,C
2009,3,6,18.9,#
2009,3,7,15.2,C
2009,3,8,16.0,C
2009,3,9,19.0,C
2009,3,10,18.8,#
2009,3,11,19.2,#
2009,3,12,19.7,C
2009,3,13,24.4,C
2009,3,14,20.3,C
2009,3,15,21.9,C
2009,3,16,22.1,C
2009,3,17,25.0,C
2009,3,18,26.4,C
2009,3,19,27.3,C
2009,3,20,28.2,#
2009,3,21,21.9,C
2009,3,22,29.1,C
2009,3,23,25.3,#
2009,3,24,20.9,C
2009,3,25,19.6,C
2009,3,26,19.5,#
2009,3,27,20.6,C
2009,3,28,21.4,C
2009,3,29,20.8,C
2009,3,30,19.4,C
2009,3,31,20.7,C
2009,4,1,20.8,C
2009,4,2,18.5,C
2009,4,3,19.1,C
2009,4,4,24.0,C
2009,4,5,27.7,C
2009,4,6,20.0,C
2009,4,7,19.2,C
2009,4,8,21.8,C
2009,4,9,21.7,C
2009,4,10,21.6,C
2009,4,11,22.8,C
2009,4,12,22.4,C
2009,4,13,27.8,C
2009,4,14,26.7,#
2009,4,15,22.9,#
2009,4,16,26.0,C
2009,4,17,25.9,C
2009,4,18,22.3,C
2009,4,19,25.6,#
2009,4,20,29.1,C
2009,4,21,28.3,C
2009,4,22,21.9,C
2009,4,23,23.0,C
2009,4,24,22.6,C
2009,4,25,22.9,C
2009,4,26,19.7,C
2009,4,27,21.8,C
2009,4,28,22.2,C
2009,4,29,22.5,C
2009,4,30,23.1,C
2009,5,1,24.2,#
2009,5,2,25.8,C
2009,5,3,27.8,#
2009,5,4,26.9,C
2009,5,5,24.9,#
2009,5,6,23.4,C
2009,5,7,24.6,#
2009,5,8,24.5,C
2009,5,9,26.9,C
2009,5,10,26.1,C
2009,5,11,27.0,C
2009,5,12,29.4,#
2009,5,13,31.2,C
2009,5,14,25.8,C
2009,5,15,26.5,#
2009,5,16,27.9,C
2009,5,17,30.4,C
2009,5,18,32.7,C
2009,5,19,33.1,#
2009,5,20,30.5,C
2009,5,21,32.9,C
2009,5,22,28.5,C
2009,5,23,26.6,#
2009,5,24,26.2,C
2009,5,25,25.9,#
2009,5,26,27.3,C
2009,5,27,28.8,C
2009,5,28,24.4,C
2009,5,29,24.2,C
2009,5,30,30.3,C
2009,5,31,28.6,C
2009,6,1,30.8,#
2009,6,2,29.5,C
2009,6,3,29.4,C
2009,6,4,30.5,#
2009,6,5,30.9,C
2009,6,6,32.7,C
2009,6,7,31.8,C
2009,6,8,30.1,C
2009,6,9,30.8,#
2009,6,10,32.2,C
2009,6,11,27.3,C
2009,6,12,32.0,#
2009,6,13,31.1,C
2009,6,14,31.0,#
2009,6,15,28.5,#
2009,6,16,30.6,C
2009,6,17,30.3,C
2009,6,18,33.3,C
2009,6,19,31.9,C
2009,6,20,34.3,C
2009,6,21,31.2,C
2009,6,22,30.2,C
2009,6,23,32.7,#
2009,6,24,31.9,#
2009,6,25,32.7,#
2009,6,26,30.6,C
2009,6,27,27.5,C
2009,6,28,29.7,C
2009,6,29,31.0,#
2009,6,30,31.8,C
2009,7,1,31.3,C
2009,7,2,31.1,C
2009,7,3,30.2,#
2009,7,4,29.1,#
2009,7,5,27.9,C
2009,7,6,30.0,#
2009,7,7,31.9,C
2009,7,8,32.7,C
2009,7,9,31.4,#
2009,7,10,34.6,C
2009,7,11,29.7,#
2009,7,12,31.5,C
2009,7,13,33.0,C
2009,7,14,33.4,#
2009,7,15,30.3,#
2009,7,16,31.6,C
2009,7,17,33.0,C
2009,7,18,34.3,#
2009,7,19,27.3,C
2009,7,20,30.4,#
2009,7,21,32.3,C
2009,7,22,31.9,C
2009,7,23,32.6,#
2009,7,24,30.4,C
2009,7,25,32.0,#
2009,7,26,34.6,C
2009,7,27,31.1,#
2009,7,28,31.5,#
2009,7,29,32.3,#
2009,7,30,30.7,#
2009,7,31,30.9,#
2009,8,1,34.6,#
2009,8,2,33.9,#
2009,8,3,33.2,#
2009,8,4,28.8,C
2009,8,5,29.0,C
2009,8,6,30.5,#
2009,8,7,32.3,#
2009,8,8,32.8,#
2009,8,9,31.7,#
2009,8,10,34.7,#
2009,8,11,29.1,#
2009,8,12,27.2,C
2009,8,13,27.1,C
2009,8,14,30.6,C
2009,8,15,32.8,#
2009,8,16,32.9,#
2009,8,17,32.9,#
2009,8,18,33.2,C
2009,8,19,34.3,C
2009,8,20,34.6,#
2009,8,21,33.5,C
2009,8,22,32.1,C
2009,8,23,33.5,C
2009,8,24,33.8,C
2009,8,25,30.8,C
2009,8,26,35.4,C
2009,8,27,34.6,#
2009,8,28,32.6,#
2009,8,29,34.7,#
2009,8,30,32.1,C
2009,8,31,32.9,C
2009,9,1,31.3,#
2009,9,2,32.4,C
2009,9,3,34.4,C
2009,9,4,34.7,C
2009,9,5,32.7,C
2009,9,6,32.7,C
2009,9,7,32.4,C
2009,9,8,33.4,C
2009,9,9,31.1,C
2009,9,10,30.1,C
2009,9,11,28.4,C
2009,9,12,31.0,C
2009,9,13,34.9,C
2009,9,14,29.2,C
2009,9,15,28.9,C
2009,9,16,29.7,C
2009,9,17,33.8,C
2009,9,18,32.4,C
2009,9,19,34.3,C
2009,9,20,34.6,C
2009,9,21,33.7,#
2009,9,22,31.8,C
2009,9,23,32.2,C
2009,9,24,30.4,C
2009,9,25,30.6,#
2009,9,26,33.9,C
2009,9,27,30.8,#
2009,9,28,29.0,C
2009,9,29,26.7,#
2009,9,30,28.8,C
2009,10,1,30.4,C
2009,10,2,31.9,#
2009,10,3,31.0,C
2009,10,4,30.3,C
2009,10,5,30.7,C
2009,10,6,31.3,C
2009,10,7,31.3,C
2009,10,8,27.9,C
2009,10,9,29.9,C
2009,10,10,30.0,C
2009,10,11,27.4,C
2009,10,12,26.6,C
2009,10,13,28.2,C
2009,10,14,27.1,C
2009,10,15,26.1,C
2009,10,16,26.7,C
2009,10,17,29.8,C
2009,10,18,26.8,C
2009,10,19,26.1,#
2009,10,20,25.2,C
2009,10,21,25.4,C
2009,10,22,29.0,C
2009,10,23,31.5,#
2009,10,24,29.5,C
2009,10,25,28.9,C
2009,10,26,27.3,#
2009,10,27,25.6,C
2009,10,28,27.0,C
2009,10,29,27.5,C
2009,10,30,27.6,C
2009,10,31,28.9,C
2009,11,1,30.9,C
2009,11,2,26.5,C
2009,11,3,20.3,#
2009,11,4,24.5,C
2009,11,5,27.0,#
2009,11,6,26.5,#
2009,11,7,26.5,C
2009,11,8,26.9,#
2009,11,9,27.7,C
2009,11,10,31.3,C
2009,11,11,30.0,C
2009,11,12,27.9,C
2009,11,13,22.8,#
2009,11,14,18.9,C
2009,11,15,22.2,#
2009,11,16,22.0,#
2009,11,17,13.2,#
2009,11,18,15.3,#
2009,11,19,19.8,C
2009,11,20,18.3,C
2009,11,21,17.6,C
2009,11,22,19.1,C
2009,11,23,22.1,C
2009,11,24,24.9,C
2009,11,25,25.5,C
2009,11,26,23.1,C
2009,11,27,25.5,#
2009,11,28,22.6,C
2009,11,29,23.9,C
2009,11,30,24.3,C
2009,12,1,22.5,C
2009,12,2,20.9,#
2009,12,3,19.4,C
2009,12,4,20.5,C
2009,12,5,21.4,C
2009,12,6,20.0,C
2009,12,7,19.3,C
2009,12,8,19.3,#
2009,12,9,19.6,C
2009,12,10,25.3,C
2009,12,11,25.0,C
2009,12,12,20.6,C
2009,12,13,23.5,C
2009,12,14,20.3,C
2009,12,15,19.2,C
2009,12,16,15.2,C
2009,12,17,14.1,C
2009,12,18,13.8,C
2009,12,19,14.4,C
2009,12,20,17.9,C
2009,12,21,16.4,C
2009,12,22,18.4,C
2009,12,23,20.0,C
2009,12,24,25.4,C
2009,12,25,24.3,C
2009,12,26,19.0,C
2009,12,27,17.4,C
2009,12,28,13.9,C
2009,12,29,16.8,C
2009,12,30,17.2,#
2009,12,31,16.8,C
2010,1,1,16.3,C
2010,1,2,18.7,C
2010,1,3,20.2,C
2010,1,4,20.8,C
2010,1,5,17.5,C
2010,1,6,16.0,C
2010,1,7,13.7,C
2010,1,8,14.8,C
2010,1,9,16.7,C
2010,1,10,17.4,C
2010,1,11,17.0,C
2010,1,12,15.2,C
2010,1,13,15.5,C
2010,1,14,15.9,C
2010,1,15,17.4,C
2010,1,16,18.1,C
2010,1,17,20.2,C
2010,1,18,18.7,#
2010,1,19,18.8,C
2010,1,20,21.3,C
2010,1,21,22.3,C
2010,1,22,20.0,C
2010,1,23,15.9,C
2010,1,24,15.8,C
2010,1,25,20.6,C
2010,1,26,16.8,C
2010,1,27,16.8,C
2010,1,28,21.9,C
2010,1,29,18.5,#
2010,1,30,18.3,#
2010,1,31,26.0,#
2010,2,1,26.0,#
2010,2,2,20.1,#
2010,2,3,18.1,#
2010,2,4,16.7,#
2010,2,5,16.6,C
2010,2,6,16.7,C
2010,2,7,16.6,C
2010,2,8,17.3,C
2010,2,9,21.8,#
2010,2,10,24.5,C
2010,2,11,27.1,#
2010,2,12,22.4,C
2010,2,13,15.4,C
2010,2,14,15.7,C
2010,2,15,14.5,C
2010,2,16,11.0,C
2010,2,17,9.8,C
2010,2,18,10.6,C
2010,2,19,11.0,C
2010,2,20,15.4,#
2010,2,21,17.8,#
2010,2,22,17.5,#
2010,2,23,24.2,C
2010,2,24,22.4,C
2010,2,25,25.3,C
2010,2,26,26.5,C
2010,2,27,27.5,C
2010,2,28,23.4,C
2010,3,1,20.7,C
2010,3,2,25.2,C
2010,3,3,25.2,C
2010,3,4,24.3,#
2010,3,5,26.2,C
2010,3,6,24.8,C
2010,3,7,23.3,C
2010,3,8,17.2,#
2010,3,9,12.1,C
2010,3,10,16.1,C
2010,3,11,19.0,#
2010,3,12,17.3,C
2010,3,13,19.4,C
2010,3,14,20.2,C
2010,3,15,23.8,#
2010,3,16,20.6,#
2010,3,17,19.6,C
2010,3,18,23.4,C
2010,3,19,25.1,#
2010,3,20,25.6,C
2010,3,21,28.1,C
2010,3,22,24.7,C
2010,3,23,23.7,C
2010,3,24,25.5,C
2010,3,25,22.1,C
2010,3,26,19.4,C
2010,3,27,18.9,C
2010,3,28,22.8,C
2010,3,29,19.1,C
2010,3,30,19.4,C
2010,3,31,23.0,C
2010,4,1,24.9,C
2010,4,2,25.2,C
2010,4,3,18.1,C
2010,4,4,19.2,C
2010,4,5,20.3,C
2010,4,6,22.6,#
2010,4,7,20.4,#
2010,4,8,18.2,C
2010,4,9,20.8,C
2010,4,10,19.6,C
2010,4,11,24.9,C
2010,4,12,26.2,C
2010,4,13,26.3,#
2010,4,14,19.7,C
2010,4,15,19.2,#
2010,4,16,18.8,C
2010,4,17,19.2,#
2010,4,18,19.8,C
2010,4,19,24.1,C
2010,4,20,23.7,C
2010,4,21,27.3,C
2010,4,22,28.1,#
2010,4,23,24.0,#
2010,4,24,22.5,C
2010,4,25,20.8,C
2010,4,26,23.5,C
2010,4,27,24.9,#
2010,4,28,27.1,C
2010,4,29,23.3,C
2010,4,30,22.7,C
2010,5,1,25.1,C
2010,5,2,28.9,C
2010,5,3,24.9,#
2010,5,4,25.1,#
2010,5,5,27.0,C
2010,5,6,27.4,C
2010,5,7,28.3,C
2010,5,8,25.3,C
2010,5,9,29.6,C
2010,5,10,25.9,C
2010,5,11,24.1,C
2010,5,12,23.8,#
2010,5,13,24.7,C
2010,5,14,25.2,C
2010,5,15,23.9,C
2010,5,16,24.0,C
2010,5,17,24.4,C
2010,5,18,30.2,C
2010,5,19,30.2,#
2010,5,20,27.8,#
2010,5,21,29.4,C
2010,5,22,29.6,C
2010,5,23,29.2,C
2010,5,24,29.7,C
2010,5,25,28.0,C
2010,5,26,27.4,#
2010,5,27,28.0,#
2010,5,28,29.0,C
2010,5,29,30.3,C
2010,5,30,28.5,C
2010,5,31,27.0,C
2010,6,1,25.2,C
2010,6,2,23.4,C
2010,6,3,26.3,C
2010,6,4,28.0,C
2010,6,5,26.7,C
2010,6,6,26.9,C
2010,6,7,27.1,C
2010,6,8,27.0,C
2010,6,9,25.5,#
2010,6,10,25.5,C
2010,6,11,29.3,C
2010,6,12,29.7,C
2010,6,13,29.8,C
2010,6,14,30.1,C
2010,6,15,29.1,C
2010,6,16,29.8,C
2010,6,17,30.4,C
2010,6,18,31.4,#
2010,6,19,32.9,C
2010,6,20,31.4,C
2010,6,21,32.6,C
2010,6,22,33.9,C
2010,6,23,30.0,C
2010,6,24,30.1,C
2010,6,25,29.7,C
2010,6,26,27.5,C
2010,6,27,25.9,C
2010,6,28,27.9,#
2010,6,29,28.8,C
2010,6,30,31.1,C
2010,7,1,32.7,#
2010,7,2,32.2,#
2010,7,3,31.3,C
2010,7,4,30.9,C
2010,7,5,30.7,C
2010,7,6,31.0,C
2010,7,7,32.0,C
2010,7,8,33.2,C
2010,7,9,32.4,#
2010,7,10,33.4,C
2010,7,11,32.4,C
2010,7,12,34.7,#
2010,7,13,34.5,C
2010,7,14,32.7,C
2010,7,15,32.3,C
2010,7,16,30.8,C
2010,7,17,29.7,C
2010,7,18,31.9,C
2010,7,19,33.2,C
2010,7,20,33.0,C
2010,7,21,29.6,C
2010,7,22,28.9,#
2010,7,23,30.7,C
2010,7,24,31.2,C
2010,7,25,32.0,C
2010,7,26,31.4,C
2010,7,27,31.6,C
2010,7,28,29.3,C
2010,7,29,30.8,C
2010,7,30,31.5,C
2010,7,31,33.7,C
2010,8,1,33.4,C
2010,8,2,33.0,C
2010,8,3,32.1,C
2010,8,4,33.0,#
2010,8,5,34.8,#
2010,8,6,30.9,#
2010,8,7,32.1,C
2010,8,8,30.6,C
2010,8,9,31.9,C
2010,8,10,33.5,C
2010,8,11,32.9,C
2010,8,12,31.9,C
2010,8,13,33.6,C
2010,8,14,34.2,C
2010,8,15,32.0,C
2010,8,16,31.0,C
2010,8,17,32.1,C
2010,8,18,29.0,#
2010,8,19,29.9,#
2010,8,20,29.5,#
2010,8,21,31.4,C
2010,8,22,30.2,C
2010,8,23,29.5,C
2010,8,24,28.0,#
2010,8,25,30.8,#
2010,8,26,32.9,#
2010,8,27,32.7,#
2010,8,28,33.7,#
2010,8,29,33.0,C
2010,8,30,31.8,C
2010,8,31,33.3,C
2010,9,1,34.6,C
2010,9,2,32.6,#
2010,9,3,27.8,C
2010,9,4,27.8,C
2010,9,5,30.0,C
2010,9,6,32.5,C
2010,9,7,31.7,C
2010,9,8,33.6,#
2010,9,9,32.6,C
2010,9,10,30.3,#
2010,9,11,26.6,C
2010,9,12,28.9,C
2010,9,13,29.9,#
2010,9,14,31.3,C
2010,9,15,29.9,C
2010,9,16,32.6,C
2010,9,17,32.2,#
2010,9,18,32.6,C
2010,9,19,32.5,C
2010,9,20,30.5,C
2010,9,21,25.8,C
2010,9,22,26.4,#
2010,9,23,29.1,C
2010,9,24,30.4,#
2010,9,25,28.7,C
2010,9,26,29.6,C
2010,9,27,31.1,C
2010,9,28,32.0,C
2010,9,29,29.3,C
2010,9,30,30.3,C
2010,10,1,28.8,C
2010,10,2,31.4,C
2010,10,3,31.3,C
2010,10,4,26.6,#
2010,10,5,25.7,C
2010,10,6,25.8,C
2010,10,7,26.1,C
2010,10,8,27.8,C
2010,10,9,26.6,C
2010,10,10,26.5,#
2010,10,11,28.0,C
2010,10,12,30.4,C
2010,10,13,31.6,C
2010,10,14,30.4,C
2010,10,15,28.6,C
2010,10,16,26.7,#
2010,10,17,27.7,C
2010,10,18,31.7,C
2010,10,19,29.1,C
2010,10,20,29.2,C
2010,10,21,26.6,C
2010,10,22,24.8,C
2010,10,23,30.1,#
2010,10,24,32.2,C
2010,10,25,31.5,C
2010,10,26,24.2,C
2010,10,27,23.4,C
2010,10,28,22.5,C
2010,10,29,22.9,C
2010,10,30,23.8,C
2010,10,31,24.5,C
2010,11,1,23.6,C
2010,11,2,25.6,#
2010,11,3,24.5,#
2010,11,4,21.4,#
2010,11,5,18.7,C
2010,11,6,20.1,C
2010,11,7,26.9,C
2010,11,8,27.4,C
2010,11,9,24.6,C
2010,11,10,23.5,C
2010,11,11,25.5,C
2010,11,12,25.3,C
2010,11,13,26.4,C
2010,11,14,26.7,#
2010,11,15,27.6,C
2010,11,16,24.1,C
2010,11,17,24.8,#
2010,11,18,25.3,C
2010,11,19,25.7,C
2010,11,20,23.5,C
2010,11,21,25.5,C
2010,11,22,25.8,C
2010,11,23,24.9,#
2010,11,24,23.2,C
2010,11,25,24.4,C
2010,11,26,23.0,C
2010,11,27,22.0,C
2010,11,28,23.2,C
2010,11,29,23.8,#
2010,11,30,25.3,C
2010,12,1,24.9,C
2010,12,2,27.0,C
2010,12,3,24.5,C
2010,12,4,21.5,C
2010,12,5,26.2,C
2010,12,6,27.1,#
2010,12,7,21.2,#
2010,12,8,20.9,C
2010,12,9,20.7,C
2010,12,10,21.5,C
2010,12,11,20.6,C
2010,12,12,20.5,C
2010,12,13,22.7,C
2010,12,14,23.7,C
2010,12,15,20.0,C
2010,12,16,10.8,C
2010,12,17,18.3,C
2010,12,18,17.7,C
2010,12,19,22.0,C
2010,12,20,24.9,C
2010,12,21,23.7,C
2010,12,22,23.7,C
2010,12,23,22.0,C
2010,12,24,19.4,C
2010,12,25,18.6,C
2010,12,26,14.6,C
2010,12,27,17.5,C
2010,12,28,22.4,C
2010,12,29,21.2,C
2010,12,30,20.0,C
2010,12,31,19.4,C
2011,1,1,17.3,C
2011,1,2,15.9,C
2011,1,3,15.1,C
2011,1,4,13.9,#
2011,1,5,16.5,C
2011,1,6,16.2,C
2011,1,7,13.7,C
2011,1,8,16.6,C
2011,1,9,17.7,C
2011,1,10,17.0,C
2011,1,11,12.9,#
2011,1,12,10.5,#
2011,1,13,15.8,C
2011,1,14,20.8,C
2011,1,15,15.5,C
2011,1,16,12.6,C
2011,1,17,14.1,C
2011,1,18,16.3,C
2011,1,19,17.5,C
2011,1,20,17.5,C
2011,1,21,17.0,C
2011,1,22,13.5,C
2011,1,23,19.6,C
2011,1,24,18.0,C
2011,1,25,16.8,C
2011,1,26,19.3,C
2011,1,27,20.3,C
2011,1,28,15.9,C
2011,1,29,15.7,C
2011,1,30,15.6,C
2011,1,31,15.8,C
2011,2,1,17.8,C
2011,2,2,19.8,C
2011,2,3,19.0,C
2011,2,4,20.7,C
2011,2,5,23.0,C
2011,2,6,20.0,C
2011,2,7,20.9,C
2011,2,8,23.0,C
2011,2,9,22.5,#
2011,2,10,18.7,C
2011,2,11,16.4,C
2011,2,12,13.9,C
2011,2,13,13.6,C
2011,2,14,12.2,C
2011,2,15,12.4,C
2011,2,16,13.6,C
2011,2,17,17.7,C
2011,2,18,14.9,C
2011,2,19,13.3,C
2011,2,20,15.6,C
2011,2,21,14.6,C
2011,2,22,15.6,C
2011,2,23,20.6,C
2011,2,24,21.6,C
2011,2,25,19.9,C
2011,2,26,19.1,C
2011,2,27,23.2,C
2011,2,28,25.5,C
2011,3,1,20.4,C
2011,3,2,21.3,#
2011,3,3,19.0,C
2011,3,4,18.3,C
2011,3,5,16.8,C
2011,3,6,20.4,C
2011,3,7,22.7,C
2011,3,8,16.5,#
2011,3,9,16.9,C
2011,3,10,19.2,C
2011,3,11,18.0,#
2011,3,12,23.2,C
2011,3,13,25.3,#
2011,3,14,27.7,C
2011,3,15,20.5,C
2011,3,16,18.3,C
2011,3,17,18.2,C
2011,3,18,16.0,C
2011,3,19,17.0,C
2011,3,20,19.9,C
2011,3,21,24.3,C
2011,3,22,23.7,C
2011,3,23,16.2,C
2011,3,24,20.7,C
2011,3,25,19.9,C
2011,3,26,19.9,C
2011,3,27,16.4,C
2011,3,28,18.9,C
2011,3,29,21.3,C
2011,3,30,18.7,C
2011,3,31,21.1,C
2011,4,1,23.5,#
2011,4,2,26.5,C
2011,4,3,27.3,C
2011,4,4,20.9,C
2011,4,5,19.5,C
2011,4,6,20.5,#
2011,4,7,25.5,#
2011,4,8,27.0,#
2011,4,9,23.3,C
2011,4,10,24.9,C
2011,4,11,26.3,C
2011,4,12,21.6,C
2011,4,13,25.9,C
2011,4,14,27.6,C
2011,4,15,26.4,#
2011,4,16,27.7,C
2011,4,17,26.8,C
2011,4,18,25.5,C
2011,4,19,24.1,C
2011,4,20,21.9,C
2011,4,21,23.9,C
2011,4,22,27.0,C
2011,4,23,22.1,C
2011,4,24,26.1,C
2011,4,25,26.9,C
2011,4,26,28.4,#
2011,4,27,28.3,C
2011,4,28,27.2,C
2011,4,29,23.2,C
2011,4,30,25.5,C
2011,5,1,27.0,C
2011,5,2,27.9,C
2011,5,3,30.1,#
2011,5,4,31.2,C
2011,5,5,23.4,C
2011,5,6,28.3,C
2011,5,7,29.2,C
2011,5,8,29.2,C
2011,5,9,32.0,#
2011,5,10,33.1,C
2011,5,11,33.9,#
2011,5,12,35.1,#
2011,5,13,27.6,C
2011,5,14,25.6,C
2011,5,15,24.7,C
2011,5,16,27.2,C
2011,5,17,23.6,C
2011,5,18,25.7,C
2011,5,19,27.0,C
2011,5,20,28.2,C
2011,5,21,27.3,C
2011,5,22,25.7,C
2011,5,23,27.9,C
2011,5,24,22.8,C
2011,5,25,25.3,C
2011,5,26,27.6,C
2011,5,27,31.0,C
2011,5,28,30.9,C
2011,5,29,27.6,C
2011,5,30,26.8,#
2011,5,31,30.7,C
2011,6,1,30.9,C
2011,6,2,30.3,C
2011,6,3,31.8,C
2011,6,4,31.1,C
2011,6,5,33.8,C
2011,6,6,32.7,C
2011,6,7,32.1,C
2011,6,8,33.6,C
2011,6,9,33.8,C
2011,6,10,34.1,C
2011,6,11,31.0,#
2011,6,12,29.2,C
2011,6,13,32.3,C
2011,6,14,31.5,C
2011,6,15,31.9,C
2011,6,16,28.1,C
2011,6,17,28.8,#
2011,6,18,30.7,#
2011,6,19,32.5,C
2011,6,20,32.0,C
2011,6,21,30.9,#
2011,6,22,28.2,C
2011,6,23,28.6,C
2011,6,24,30.9,C
2011,6,25,31.9,C
2011,6,26,30.7,C
2011,6,27,31.9,C
2011,6,28,28.1,C
2011,6,29,28.2,C
2011,6,30,28.4,C
2011,7,1,29.3,C
2011,7,2,31.5,C
2011,7,3,32.3,C
2011,7,4,31.9,#
2011,7,5,30.9,C
2011,7,6,31.4,C
2011,7,7,31.9,#
2011,7,8,32.0,C
2011,7,9,32.0,C
2011,7,10,33.5,#
2011,7,11,31.6,C
2011,7,12,28.9,C
2011,7,13,29.1,C
2011,7,14,28.5,C
2011,7,15,26.7,C
2011,7,16,27.1,C
2011,7,17,29.1,C
2011,7,18,28.7,C
2011,7,19,30.3,#
2011,7,20,26.9,#
2011,7,21,30.6,C
2011,7,22,31.1,C
2011,7,23,32.7,#
2011,7,24,32.0,C
2011,7,25,31.3,C
2011,7,26,33.1,C
2011,7,27,32.1,C
2011,7,28,31.4,#
2011,7,29,29.3,C
2011,7,30,28.3,C
2011,7,31,31.1,C
2011,8,1,32.2,C
2011,8,2,31.8,#
2011,8,3,31.6,C
2011,8,4,33.6,C
2011,8,5,34.2,C
2011,8,6,34.8,C
2011,8,7,34.5,C
2011,8,8,32.3,C
2011,8,9,30.8,C
2011,8,10,28.1,C
2011,8,11,30.5,#
2011,8,12,33.9,C
2011,8,13,33.0,C
2011,8,14,32.8,C
2011,8,15,35.0,C
2011,8,16,34.7,C
2011,8,17,33.5,C
2011,8,18,33.5,#
2011,8,19,32.9,C
2011,8,20,34.6,C
2011,8,21,33.6,C
2011,8,22,35.4,C
2011,8,23,34.5,C
2011,8,24,34.2,C
2011,8,25,34.3,C
2011,8,26,33.9,C
2011,8,27,37.0,C
2011,8,28,36.2,C
2011,8,29,38.1,C
2011,8,30,34.8,C
2011,8,31,36.4,C
2011,9,1,32.0,C
2011,9,2,31.6,#
2011,9,3,28.7,C
2011,9,4,33.3,C
2011,9,5,32.7,#
2011,9,6,32.7,#
2011,9,7,32.5,C
2011,9,8,32.7,C
2011,9,9,31.5,C
2011,9,10,31.5,C
2011,9,11,29.9,C
2011,9,12,30.3,C
2011,9,13,31.8,C
2011,9,14,35.4,C
2011,9,15,31.0,#
2011,9,16,30.5,C
2011,9,17,31.7,C
2011,9,18,28.3,C
2011,9,19,30.4,#
2011,9,20,28.4,C
2011,9,21,29.2,C
2011,9,22,27.8,C
2011,9,23,26.6,C
2011,9,24,28.6,C
2011,9,25,26.2,C
2011,9,26,28.7,C
2011,9,27,29.9,C
2011,9,28,31.4,C
2011,9,29,28.2,C
2011,9,30,29.8,C
2011,10,1,26.8,C
2011,10,2,27.1,C
2011,10,3,25.4,C
2011,10,4,24.6,C
2011,10,5,25.3,C
2011,10,6,27.2,C
2011,10,7,26.9,#
2011,10,8,27.5,C
2011,10,9,30.9,C
2011,10,10,27.9,C
2011,10,11,25.3,#
2011,10,12,25.1,C
2011,10,13,25.8,C
2011,10,14,28.9,C
2011,10,15,28.1,C
2011,10,16,29.7,C
2011,10,17,29.9,C
2011,10,18,27.1,C
2011,10,19,25.4,C
2011,10,20,26.7,C
2011,10,21,30.7,C
2011,10,22,27.3,C
2011,10,23,25.8,C
2011,10,24,29.6,C
2011,10,25,26.1,C
2011,10,26,24.6,C
2011,10,27,25.5,C
2011,10,28,26.2,C
2011,10,29,28.4,C
2011,10,30,27.2,C
2011,10,31,25.4,C
2011,11,1,28.4,C
2011,11,2,29.9,C
2011,11,3,29.8,#
2011,11,4,30.5,C
2011,11,5,27.9,C
2011,11,6,27.9,C
2011,11,7,26.5,C
2011,11,8,23.1,C
2011,11,9,22.0,C
2011,11,10,21.6,#
2011,11,11,23.1,#
2011,11,12,27.5,C
2011,11,13,28.4,C
2011,11,14,24.2,#
2011,11,15,25.5,#
2011,11,16,25.9,C
2011,11,17,23.6,#
2011,11,18,26.5,C
2011,11,19,26.5,C
2011,11,20,23.9,C
2011,11,21,21.7,C
2011,11,22,26.0,C
2011,11,23,23.9,C
2011,11,24,22.4,C
2011,11,25,20.8,C
2011,11,26,21.1,C
2011,11,27,26.8,C
2011,11,28,26.4,C
2011,11,29,25.9,C
2011,11,30,28.0,C
2011,12,1,21.2,C
2011,12,2,18.0,#
2011,12,3,20.5,C
2011,12,4,20.8,C
2011,12,5,19.4,C
2011,12,6,21.0,#
2011,12,7,25.7,C
2011,12,8,21.5,#
2011,12,9,15.8,C
2011,12,10,15.7,C
2011,12,11,17.1,C
2011,12,12,20.0,#
2011,12,13,22.3,C
2011,12,14,21.4,#
2011,12,15,23.9,C
2011,12,16,19.1,C
2011,12,17,17.8,C
2011,12,18,19.4,C
2011,12,19,19.7,#
2011,12,20,18.4,#
2011,12,21,23.9,#
2011,12,22,20.6,C
2011,12,23,19.0,C
2011,12,24,15.7,C
2011,12,25,17.0,#
2011,12,26,16.6,C
2011,12,27,17.3,C
2011,12,28,20.9,#
2011,12,29,20.4,C
2011,12,30,20.7,C
2011,12,31,20.5,C
2012,1,1,21.4,C
2012,1,2,17.6,C
2012,1,3,18.8,#
2012,1,4,15.0,C
2012,1,5,11.3,#
2012,1,6,15.7,C
2012,1,7,15.0,C
2012,1,8,22.0,C
2012,1,9,22.9,C
2012,1,10,18.3,#
2012,1,11,18.7,C
2012,1,12,16.1,C
2012,1,13,16.3,C
2012,1,14,17.8,#
2012,1,15,16.5,#
2012,1,16,17.2,C
2012,1,17,18.2,C
2012,1,18,17.5,#
2012,1,19,21.2,#
2012,1,20,17.2,C
2012,1,21,15.8,#
2012,1,22,15.3,C
2012,1,23,11.5,C
2012,1,24,12.2,C
2012,1,25,10.4,C
2012,1,26,14.0,C
2012,1,27,15.2,C
2012,1,28,19.8,C
2012,1,29,16.5,C
2012,1,30,19.5,C
2012,1,31,19.6,C
2012,2,1,17.5,C
2012,2,2,17.1,C
2012,2,3,14.5,C
2012,2,4,15.4,C
2012,2,5,17.5,C
2012,2,6,17.8,C
2012,2,7,20.0,#
2012,2,8,12.7,#
2012,2,9,12.7,C
2012,2,10,15.4,C
2012,2,11,15.4,C
2012,2,12,17.9,C
2012,2,13,22.5,C
2012,2,14,19.9,C
2012,2,15,18.4,C
2012,2,16,14.7,C
2012,2,17,15.8,C
2012,2,18,14.2,C
2012,2,19,17.0,C
2012,2,20,14.9,C
2012,2,21,16.1,C
2012,2,22,17.3,C
2012,2,23,18.3,C
2012,2,24,20.5,C
2012,2,25,15.1,C
2012,2,26,13.3,C
2012,2,27,11.6,C
2012,2,28,14.4,C
2012,2,29,14.9,C
2012,3,1,16.9,C
2012,3,2,20.7,C
2012,3,3,19.0,C
2012,3,4,18.2,C
2012,3,5,21.0,C
2012,3,6,24.7,#
2012,3,7,18.0,C
2012,3,8,16.8,C
2012,3,9,16.1,C
2012,3,10,14.7,#
2012,3,11,13.7,C
2012,3,12,13.0,C
2012,3,13,14.9,C
2012,3,14,17.6,C
2012,3,15,18.1,C
2012,3,16,20.6,C
2012,3,17,24.3,C
2012,3,18,25.3,C
2012,3,19,22.0,C
2012,3,20,21.3,#
2012,3,21,18.6,#
2012,3,22,21.2,C
2012,3,23,26.5,C
2012,3,24,20.2,C
2012,3,25,21.7,C
2012,3,26,22.7,C
2012,3,27,22.0,C
2012,3,28,20.5,C
2012,3,29,23.8,C
2012,3,30,24.3,#
2012,3,31,24.5,C
2012,4,1,20.9,C
2012,4,2,23.9,C
2012,4,3,26.2,#
2012,4,4,22.3,C
2012,4,5,22.4,C
2012,4,6,21.0,C
2012,4,7,21.2,C
2012,4,8,21.3,C
2012,4,9,25.6,C
2012,4,10,25.5,C
2012,4,11,28.0,#
2012,4,12,29.0,#
2012,4,13,28.0,#
2012,4,14,27.2,C
2012,4,15,30.8,C
2012,4,16,30.1,#
2012,4,17,23.2,#
2012,4,18,22.4,C
2012,4,19,22.9,#
2012,4,20,22.8,#
2012,4,21,25.8,C
2012,4,22,27.3,C
2012,4,23,25.9,C
2012,4,24,28.2,#
2012,4,25,28.4,#
2012,4,26,28.4,#
2012,4,27,22.2,#
2012,4,28,25.1,#
2012,4,29,28.0,#
2012,4,30,29.5,C
2012,5,1,29.9,C
2012,5,2,30.6,C
2012,5,3,30.7,C
2012,5,4,31.7,#
2012,5,5,25.4,#
2012,5,6,28.1,C
2012,5,7,29.6,C
2012,5,8,32.0,C
2012,5,9,30.6,C
2012,5,10,31.3,#
2012,5,11,26.4,C
2012,5,12,27.1,C
2012,5,13,30.5,C
2012,5,14,32.5,#
2012,5,15,31.0,C
2012,5,16,28.2,C
2012,5,17,29.4,#
2012,5,18,26.9,#
2012,5,19,30.2,#
2012,5,20,30.7,C
2012,5,21,26.8,C
2012,5,22,26.0,C
2012,5,23,26.5,C
2012,5,24,26.9,#
2012,5,25,28.0,C
2012,5,26,27.1,C
2012,5,27,28.0,#
2012,5,28,26.1,#
2012,5,29,***,#
2012,5,30,***,#
2012,5,31,***,#
2012,6,1,***,#
2012,6,2,***,#
2012,6,3,***,#
2012,6,4,28.6,#
2012,6,5,30.6,C
2012,6,6,30.3,C
2012,6,7,29.4,#
2012,6,8,31.9,#
2012,6,9,31.8,C
2012,6,10,29.7,C
2012,6,11,30.7,C
2012,6,12,30.4,C
2012,6,13,28.6,C
2012,6,14,30.1,C
2012,6,15,28.9,C
2012,6,16,27.2,C
2012,6,17,29.0,C
2012,6,18,29.1,C
2012,6,19,29.6,C
2012,6,20,32.6,C
2012,6,21,31.0,C
2012,6,22,29.7,C
2012,6,23,30.0,C
2012,6,24,29.5,C
2012,6,25,30.3,C
2012,6,26,29.8,C
2012,6,27,31.0,C
2012,6,28,32.4,C
2012,6,29,34.2,C
2012,6,30,28.6,C
2012,7,1,29.2,C
2012,7,2,30.3,C
2012,7,3,32.0,#
2012,7,4,31.5,C
2012,7,5,30.1,C
2012,7,6,31.6,C
2012,7,7,30.7,C
2012,7,8,31.8,C
2012,7,9,33.0,C
2012,7,10,32.0,C
2012,7,11,32.0,C
2012,7,12,32.2,C
2012,7,13,32.6,C
2012,7,14,32.0,C
2012,7,15,33.0,C
2012,7,16,32.6,C
2012,7,17,34.4,C
2012,7,18,30.6,C
2012,7,19,33.5,C
2012,7,20,34.6,C
2012,7,21,35.1,C
2012,7,22,30.3,C
2012,7,23,26.9,C
2012,7,24,27.2,C
2012,7,25,27.0,#
2012,7,26,25.7,C
2012,7,27,26.5,C
2012,7,28,29.4,C
2012,7,29,31.2,C
2012,7,30,31.1,C
2012,7,31,31.6,C
2012,8,1,34.3,C
2012,8,2,35.7,C
2012,8,3,32.4,C
2012,8,4,29.0,C
2012,8,5,30.2,C
2012,8,6,31.3,C
2012,8,7,31.7,C
2012,8,8,32.1,C
2012,8,9,31.8,C
2012,8,10,31.5,C
2012,8,11,28.2,C
2012,8,12,28.0,#
2012,8,13,29.0,C
2012,8,14,30.6,C
2012,8,15,33.1,C
2012,8,16,31.0,#
2012,8,17,29.4,C
2012,8,18,31.9,C
2012,8,19,32.4,C
2012,8,20,32.2,C
2012,8,21,32.7,C
2012,8,22,32.2,C
2012,8,23,33.4,C
2012,8,24,33.9,C
2012,8,25,35.2,C
2012,8,26,31.8,C
2012,8,27,32.7,C
2012,8,28,34.2,C
2012,8,29,32.1,C
2012,8,30,32.7,C
2012,8,31,29.5,C
2012,9,1,30.7,C
2012,9,2,30.5,C
2012,9,3,30.8,C
2012,9,4,29.3,C
2012,9,5,29.1,C
2012,9,6,30.1,C
2012,9,7,30.1,#
2012,9,8,34.1,C
2012,9,9,32.6,C
2012,9,10,34.1,C
2012,9,11,33.5,C
2012,9,12,32.3,C
2012,9,13,34.6,C
2012,9,14,31.4,C
2012,9,15,30.9,C
2012,9,16,33.3,C
2012,9,17,32.5,C
2012,9,18,32.1,C
2012,9,19,26.8,C
2012,9,20,29.0,C
2012,9,21,28.9,C
2012,9,22,32.2,#
2012,9,23,33.7,C
2012,9,24,33.7,#
2012,9,25,28.6,#
2012,9,26,29.7,C
2012,9,27,32.3,C
2012,9,28,30.8,C
2012,9,29,31.3,C
2012,9,30,28.7,C
2012,10,1,26.6,C
2012,10,2,27.5,C
2012,10,3,28.1,C
2012,10,4,28.0,C
2012,10,5,28.2,C
2012,10,6,29.2,C
2012,10,7,28.3,C
2012,10,8,28.5,C
2012,10,9,30.0,#
2012,10,10,32.0,C
2012,10,11,28.3,C
2012,10,12,28.5,C
2012,10,13,28.9,C
2012,10,14,28.9,C
2012,10,15,28.6,C
2012,10,16,28.4,C
2012,10,17,29.0,C
2012,10,18,26.0,C
2012,10,19,24.4,C
2012,10,20,25.7,C
2012,10,21,26.7,C
2012,10,22,30.6,#
2012,10,23,30.8,C
2012,10,24,27.4,C
2012,10,25,27.0,C
2012,10,26,25.4,C
2012,10,27,26.8,C
2012,10,28,27.4,C
2012,10,29,25.1,C
2012,10,30,24.7,C
2012,10,31,22.3,C
2012,11,1,24.5,C
2012,11,2,24.8,C
2012,11,3,24.8,C
2012,11,4,28.9,C
2012,11,5,26.3,C
2012,11,6,26.0,C
2012,11,7,23.8,C
2012,11,8,24.7,C
2012,11,9,27.2,C
2012,11,10,29.5,C
2012,11,11,25.1,C
2012,11,12,24.1,C
2012,11,13,28.7,C
2012,11,14,24.9,C
2012,11,15,23.6,C
2012,11,16,23.4,C
2012,11,17,23.0,C
2012,11,18,20.8,C
2012,11,19,22.8,C
2012,11,20,22.5,C
2012,11,21,22.8,C
2012,11,22,28.1,C
2012,11,23,25.6,C
2012,11,24,21.0,C
2012,11,25,21.6,C
2012,11,26,23.5,C
2012,11,27,19.5,C
2012,11,28,20.4,C
2012,11,29,20.3,#
2012,11,30,21.3,C
2012,12,1,21.0,C
2012,12,2,20.5,C
2012,12,3,17.3,#
2012,12,4,18.2,#
2012,12,5,18.4,C
2012,12,6,18.6,C
2012,12,7,19.7,C
2012,12,8,19.6,C
2012,12,9,21.0,C
2012,12,10,19.2,C
2012,12,11,20.3,C
2012,12,12,19.4,C
2012,12,13,19.9,#
2012,12,14,24.8,C
2012,12,15,27.5,C
2012,12,16,27.3,C
2012,12,17,21.9,C
2012,12,18,20.6,#
2012,12,19,17.7,C
2012,12,20,19.1,C
2012,12,21,21.8,#
2012,12,22,21.0,C
2012,12,23,16.0,C
2012,12,24,16.2,C
2012,12,25,18.9,C
2012,12,26,19.8,C
2012,12,27,19.4,C
2012,12,28,22.5,C
2012,12,29,19.4,C
2012,12,30,12.7,C
2012,12,31,14.5,C
2013,1,1,19.8,C
2013,1,2,21.2,C
2013,1,3,18.7,C
2013,1,4,13.8,C
2013,1,5,19.4,C
2013,1,6,20.5,C
2013,1,7,22.1,#
2013,1,8,23.3,C
2013,1,9,18.2,C
2013,1,10,17.6,C
2013,1,11,18.3,C
2013,1,12,21.7,C
2013,1,13,21.8,C
2013,1,14,21.8,C
2013,1,15,16.6,C
2013,1,16,21.8,C
2013,1,17,18.3,C
2013,1,18,15.0,C
2013,1,19,17.6,C
2013,1,20,18.2,C
2013,1,21,23.8,C
2013,1,22,28.2,C
2013,1,23,18.3,C
2013,1,24,23.1,C
2013,1,25,23.2,C
2013,1,26,18.8,C
2013,1,27,18.5,C
2013,1,28,17.6,C
2013,1,29,20.8,C
2013,1,30,19.9,C
2013,1,31,21.0,C
2013,2,1,27.7,C
2013,2,2,26.1,C
2013,2,3,18.9,C
2013,2,4,22.2,C
2013,2,5,23.2,#
2013,2,6,21.3,C
2013,2,7,18.4,C
2013,2,8,17.9,C
2013,2,9,15.9,C
2013,2,10,17.9,C
2013,2,11,17.7,C
2013,2,12,23.0,C
2013,2,13,21.1,C
2013,2,14,20.1,C
2013,2,15,25.2,C
2013,2,16,17.8,C
2013,2,17,21.6,C
2013,2,18,24.7,C
2013,2,19,24.1,C
2013,2,20,17.0,C
2013,2,21,18.6,C
2013,2,22,20.2,C
2013,2,23,20.7,#
2013,2,24,17.9,C
2013,2,25,21.1,C
2013,2,26,22.7,#
2013,2,27,25.1,#
2013,2,28,20.4,#
2013,3,1,20.3,#
2013,3,2,20.4,C
2013,3,3,16.9,C
2013,3,4,20.1,C
2013,3,5,20.5,C
2013,3,6,22.4,C
2013,3,7,25.4,#
2013,3,8,26.1,C
2013,3,9,26.5,C
2013,3,10,26.7,C
2013,3,11,19.9,C
2013,3,12,21.8,C
2013,3,13,24.6,C
2013,3,14,21.6,C
2013,3,15,19.3,C
2013,3,16,23.1,C
2013,3,17,23.0,C
2013,3,18,26.2,C
2013,3,19,25.4,C
2013,3,20,27.0,#
2013,3,21,22.1,C
2013,3,22,24.5,#
2013,3,23,22.8,C
2013,3,24,23.9,C
2013,3,25,22.1,C
2013,3,26,19.8,C
2013,3,27,20.4,C
2013,3,28,19.7,#
2013,3,29,23.2,C
2013,3,30,20.0,C
2013,3,31,20.1,C
2013,4,1,20.2,C
2013,4,2,22.0,C
2013,4,3,20.1,C
2013,4,4,20.4,C
2013,4,5,25.8,C
2013,4,6,24.8,C
2013,4,7,20.0,C
2013,4,8,19.6,C
2013,4,9,21.3,#
2013,4,10,19.5,C
2013,4,11,19.8,C
2013,4,12,19.4,C
2013,4,13,24.0,C
2013,4,14,25.2,C
2013,4,15,27.1,C
2013,4,16,23.8,C
2013,4,17,25.5,C
2013,4,18,27.3,C
2013,4,19,27.6,C
2013,4,20,23.7,C
2013,4,21,22.7,C
2013,4,22,20.5,C
2013,4,23,24.5,C
2013,4,24,26.5,C
2013,4,25,29.1,C
2013,4,26,22.6,C
2013,4,27,21.9,C
2013,4,28,22.5,C
2013,4,29,23.9,C
2013,4,30,29.6,C
2013,5,1,24.6,C
2013,5,2,21.3,C
2013,5,3,21.1,C
2013,5,4,23.2,C
2013,5,5,23.9,C
2013,5,6,23.0,C
2013,5,7,24.7,C
2013,5,8,22.8,C
2013,5,9,29.0,C
2013,5,10,26.1,C
2013,5,11,28.0,C
2013,5,12,26.1,C
2013,5,13,28.1,C
2013,5,14,27.6,C
2013,5,15,30.0,C
2013,5,16,29.5,C
2013,5,17,27.4,C
2013,5,18,30.2,C
2013,5,19,30.7,C
2013,5,20,31.7,C
2013,5,21,29.0,C
2013,5,22,27.4,C
2013,5,23,28.6,C
2013,5,24,31.0,C
2013,5,25,27.4,C
2013,5,26,28.3,C
2013,5,27,29.5,C
2013,5,28,32.4,C
2013,5,29,31.1,C
2013,5,30,33.0,C
2013,5,31,32.9,C
2013,6,1,32.9,C
2013,6,2,31.2,C
2013,6,3,32.9,C
2013,6,4,29.8,C
2013,6,5,29.0,C
2013,6,6,28.7,C
2013,6,7,32.2,C
2013,6,8,32.4,C
2013,6,9,32.0,C
2013,6,10,33.1,C
2013,6,11,27.5,C
2013,6,12,25.0,C
2013,6,13,26.9,C
2013,6,14,26.4,C
2013,6,15,27.1,C
2013,6,16,29.0,C
2013,6,17,30.5,C
2013,6,18,31.4,C
2013,6,19,32.3,C
2013,6,20,32.8,C
2013,6,21,31.9,C
2013,6,22,28.7,C
2013,6,23,30.2,C
2013,6,24,28.7,C
2013,6,25,30.2,C
2013,6,26,31.1,C
2013,6,27,31.7,C
2013,6,28,31.2,C
2013,6,29,32.5,C
2013,6,30,33.5,C
2013,7,1,31.3,C
2013,7,2,31.0,C
2013,7,3,32.2,C
2013,7,4,33.4,C
2013,7,5,33.3,C
2013,7,6,32.1,C
2013,7,7,30.9,C
2013,7,8,32.0,C
2013,7,9,32.9,C
2013,7,10,31.5,C
2013,7,11,34.1,C
2013,7,12,33.1,C
2013,7,13,32.3,C
2013,7,14,32.0,C
2013,7,15,30.4,C
2013,7,16,28.0,C
2013,7,17,30.4,C
2013,7,18,29.9,C
2013,7,19,28.6,C
2013,7,20,30.6,C
2013,7,21,27.7,C
2013,7,22,30.4,C
2013,7,23,31.4,C
2013,7,24,28.4,C
2013,7,25,27.1,C
2013,7,26,28.1,C
2013,7,27,30.1,C
2013,7,28,30.5,C
2013,7,29,31.8,C
2013,7,30,31.9,C
2013,7,31,31.2,C
2013,8,1,30.7,C
2013,8,2,28.8,C
2013,8,3,29.9,C
2013,8,4,32.6,C
2013,8,5,31.6,C
2013,8,6,32.0,C
2013,8,7,31.3,C
2013,8,8,34.6,C
2013,8,9,31.7,C
2013,8,10,33.6,C
2013,8,11,33.8,C
2013,8,12,34.4,C
2013,8,13,29.3,C
2013,8,14,28.2,C
2013,8,15,28.1,C
2013,8,16,27.8,C
2013,8,17,28.9,C
2013,8,18,30.4,C
2013,8,19,30.6,C
2013,8,20,32.8,C
2013,8,21,31.9,C
2013,8,22,30.3,C
2013,8,23,29.4,C
2013,8,24,30.3,C
2013,8,25,30.9,C
2013,8,26,33.7,C
2013,8,27,34.2,C
2013,8,28,34.2,C
2013,8,29,34.4,C
2013,8,30,29.4,C
2013,8,31,29.0,C
2013,9,1,32.3,C
2013,9,2,32.0,C
2013,9,3,28.3,C
2013,9,4,27.3,C
2013,9,5,26.5,C
2013,9,6,28.1,C
2013,9,7,29.8,C
2013,9,8,30.2,C
2013,9,9,30.2,C
2013,9,10,30.1,C
2013,9,11,29.8,C
2013,9,12,31.3,C
2013,9,13,30.6,C
2013,9,14,30.3,C
2013,9,15,33.5,C
2013,9,16,30.0,C
2013,9,17,29.2,C
2013,9,18,28.9,C
2013,9,19,32.0,C
2013,9,20,33.3,C
2013,9,21,34.4,C
2013,9,22,30.8,C
2013,9,23,29.6,C
2013,9,24,30.3,C
2013,9,25,29.8,C
2013,9,26,30.0,C
2013,9,27,28.5,C
2013,9,28,28.6,C
2013,9,29,27.5,C
2013,9,30,27.4,C
2013,10,1,29.7,C
2013,10,2,32.5,C
2013,10,3,30.3,C
2013,10,4,28.7,#
2013,10,5,30.1,C
2013,10,6,31.6,C
2013,10,7,32.3,C
2013,10,8,30.1,C
2013,10,9,29.6,C
2013,10,10,29.5,C
2013,10,11,31.6,C
2013,10,12,32.4,C
2013,10,13,29.0,C
2013,10,14,26.7,C
2013,10,15,30.5,C
2013,10,16,27.6,C
2013,10,17,26.0,C
2013,10,18,27.5,C
2013,10,19,30.1,C
2013,10,20,30.6,C
2013,10,21,28.8,C
2013,10,22,30.9,C
2013,10,23,29.9,C
2013,10,24,29.4,C
2013,10,25,28.0,C
2013,10,26,25.1,C
2013,10,27,24.1,C
2013,10,28,24.4,C
2013,10,29,25.2,C
2013,10,30,25.9,C
2013,10,31,30.0,C
2013,11,1,30.3,C
2013,11,2,27.8,C
2013,11,3,26.9,C
2013,11,4,23.5,C
2013,11,5,24.3,#
2013,11,6,27.0,C
2013,11,7,25.6,C
2013,11,8,26.5,#
2013,11,9,26.6,C
2013,11,10,25.5,C
2013,11,11,25.0,C
2013,11,12,23.4,C
2013,11,13,22.1,C
2013,11,14,23.9,C
2013,11,15,26.2,C
2013,11,16,27.1,C
2013,11,17,26.1,C
2013,11,18,24.8,C
2013,11,19,22.2,C
2013,11,20,21.3,C
2013,11,21,22.3,C
2013,11,22,22.8,C
2013,11,23,22.8,C
2013,11,24,27.5,C
2013,11,25,22.5,C
2013,11,26,21.5,C
2013,11,27,24.0,C
2013,11,28,18.7,C
2013,11,29,18.1,C
2013,11,30,20.8,C
2013,12,1,23.1,C
2013,12,2,23.6,C
2013,12,3,22.1,C
2013,12,4,23.3,C
2013,12,5,23.4,C
2013,12,6,22.5,#
2013,12,7,23.8,C
2013,12,8,21.2,C
2013,12,9,25.6,C
2013,12,10,21.3,#
2013,12,11,20.6,C
2013,12,12,19.3,C
2013,12,13,20.4,C
2013,12,14,20.1,C
2013,12,15,18.8,C
2013,12,16,18.5,C
2013,12,17,13.8,C
2013,12,18,13.1,C
2013,12,19,15.7,C
2013,12,20,16.9,C
2013,12,21,16.5,C
2013,12,22,16.9,C
2013,12,23,19.9,C
2013,12,24,19.7,C
2013,12,25,19.5,C
2013,12,26,17.4,C
2013,12,27,15.7,C
2013,12,28,16.4,C
2013,12,29,16.4,C
2013,12,30,19.4,C
2013,12,31,20.9,C
2014,1,1,20.7,C
2014,1,2,20.8,C
2014,1,3,24.5,C
2014,1,4,21.1,C
2014,1,5,18.8,C
2014,1,6,18.2,C
2014,1,7,18.3,C
2014,1,8,21.9,C
2014,1,9,16.4,C
2014,1,10,16.6,C
2014,1,11,18.5,C
2014,1,12,21.2,C
2014,1,13,15.9,C
2014,1,14,16.9,C
2014,1,15,17.6,C
2014,1,16,17.7,C
2014,1,17,20.0,C
2014,1,18,20.3,C
2014,1,19,15.6,C
2014,1,20,21.4,C
2014,1,21,18.1,C
2014,1,22,17.2,C
2014,1,23,15.3,C
2014,1,24,17.6,C
2014,1,25,22.2,C
2014,1,26,27.2,C
2014,1,27,18.8,C
2014,1,28,20.7,C
2014,1,29,23.1,C
2014,1,30,24.3,C
2014,1,31,24.3,C
2014,2,1,26.5,C
2014,2,2,25.9,C
2014,2,3,24.6,C
2014,2,4,19.5,C
2014,2,5,17.2,C
2014,2,6,19.8,C
2014,2,7,24.0,C
2014,2,8,19.0,C
2014,2,9,17.6,C
2014,2,10,10.2,C
2014,2,11,10.1,#
2014,2,12,10.7,C
2014,2,13,9.9,C
2014,2,14,14.7,C
2014,2,15,14.4,C
2014,2,16,15.8,C
2014,2,17,18.1,C
2014,2,18,22.0,C
2014,2,19,12.5,C
2014,2,20,16.3,C
2014,2,21,15.3,C
2014,2,22,16.3,C
2014,2,23,17.6,C
2014,2,24,19.2,C
2014,2,25,20.4,C
2014,2,26,24.0,C
2014,2,27,20.6,C
2014,2,28,19.1,C
2014,3,1,21.7,C
2014,3,2,20.7,C
2014,3,3,17.2,C
2014,3,4,17.8,C
2014,3,5,17.6,C
2014,3,6,16.4,C
2014,3,7,15.5,C
2014,3,8,15.6,C
2014,3,9,15.6,C
2014,3,10,15.4,C
2014,3,11,15.5,C
2014,3,12,19.2,C
2014,3,13,20.6,C
2014,3,14,17.4,C
2014,3,15,16.7,C
2014,3,16,18.7,C
2014,3,17,22.2,C
2014,3,18,23.4,C
2014,3,19,24.9,C
2014,3,20,22.1,C
2014,3,21,16.9,C
2014,3,22,18.8,C
2014,3,23,19.6,C
2014,3,24,22.5,C
2014,3,25,27.1,C
2014,3,26,26.4,C
2014,3,27,26.8,C
2014,3,28,21.3,#
2014,3,29,22.0,C
2014,3,30,24.0,#
2014,3,31,21.7,C
2014,4,1,20.5,#
2014,4,2,20.0,C
2014,4,3,20.6,C
2014,4,4,21.5,C
2014,4,5,23.7,C
2014,4,6,20.3,C
2014,4,7,20.1,#
2014,4,8,21.1,C
2014,4,9,24.9,C
2014,4,10,22.5,C
2014,4,11,25.4,C
2014,4,12,26.7,C
2014,4,13,27.3,C
2014,4,14,23.8,C
2014,4,15,22.3,C
2014,4,16,22.9,C
2014,4,17,27.8,C
2014,4,18,28.0,C
2014,4,19,26.6,C
2014,4,20,28.1,C
2014,4,21,24.7,C
2014,4,22,27.3,C
2014,4,23,24.2,C
2014,4,24,23.0,C
2014,4,25,23.8,C
2014,4,26,25.0,C
2014,4,27,29.0,C
2014,4,28,30.0,C
2014,4,29,25.8,C
2014,4,30,24.4,C
2014,5,1,23.5,C
2014,5,2,25.8,#
2014,5,3,26.4,C
2014,5,4,23.7,C
2014,5,5,24.1,C
2014,5,6,21.8,C
2014,5,7,22.6,C
2014,5,8,23.9,#
2014,5,9,***,#
2014,5,10,***,#
2014,5,11,***,#
2014,5,12,27.8,#
2014,5,13,27.0,#
2014,5,14,29.6,#
2014,5,15,30.4,C
2014,5,16,30.1,C
2014,5,17,29.2,C
2014,5,18,30.6,C
2014,5,19,30.4,C
2014,5,20,30.3,C
2014,5,21,28.6,C
2014,5,22,29.3,C
2014,5,23,27.6,C
2014,5,24,29.9,C
2014,5,25,32.3,C
2014,5,26,30.6,C
2014,5,27,30.8,#
2014,5,28,30.7,C
2014,5,29,31.3,C
2014,5,30,32.7,C
2014,5,31,33.3,C
2014,6,1,32.6,C
2014,6,2,30.8,C
2014,6,3,30.4,C
2014,6,4,32.9,C
2014,6,5,34.1,C
2014,6,6,29.7,C
2014,6,7,28.4,C
2014,6,8,31.9,C
2014,6,9,28.7,C
2014,6,10,28.7,C
2014,6,11,28.5,C
2014,6,12,29.3,C
2014,6,13,31.2,C
2014,6,14,34.1,C
2014,6,15,28.8,C
2014,6,16,30.0,C
2014,6,17,31.7,C
2014,6,18,32.1,C
2014,6,19,33.1,C
2014,6,20,30.1,C
2014,6,21,29.6,C
2014,6,22,28.0,#
2014,6,23,29.0,#
2014,6,24,29.7,#
2014,6,25,29.5,#
2014,6,26,32.6,#
2014,6,27,32.7,#
2014,6,28,32.7,#
2014,6,29,30.4,#
2014,6,30,31.4,#
2014,7,1,31.0,#
2014,7,2,31.2,#
2014,7,3,32.7,#
2014,7,4,33.0,C
2014,7,5,33.1,C
2014,7,6,32.3,C
2014,7,7,32.4,C
2014,7,8,33.3,C
2014,7,9,33.5,C
2014,7,10,33.0,C
2014,7,11,32.0,C
2014,7,12,31.6,C
2014,7,13,33.3,C
2014,7,14,32.5,C
2014,7,15,33.9,C
2014,7,16,33.7,C
2014,7,17,29.6,C
2014,7,18,29.3,#
2014,7,19,30.7,C
2014,7,20,31.7,C
2014,7,21,33.1,C
2014,7,22,31.8,#
2014,7,23,31.1,C
2014,7,24,30.3,C
2014,7,25,33.2,C
2014,7,26,30.8,C
2014,7,27,29.7,C
2014,7,28,32.8,C
2014,7,29,34.2,#
2014,7,30,34.5,C
2014,7,31,33.1,C
2014,8,1,32.7,C
2014,8,2,32.0,C
2014,8,3,33.1,C
2014,8,4,34.3,C
2014,8,5,32.1,C
2014,8,6,28.9,C
2014,8,7,30.3,C
2014,8,8,32.8,C
2014,8,9,32.0,C
2014,8,10,31.4,C
2014,8,11,31.7,C
2014,8,12,31.4,C
2014,8,13,27.9,C
2014,8,14,30.5,C
2014,8,15,30.9,C
2014,8,16,30.4,C
2014,8,17,30.5,C
2014,8,18,30.4,C
2014,8,19,30.9,C
2014,8,20,25.6,C
2014,8,21,29.7,C
2014,8,22,31.4,C
2014,8,23,32.1,C
2014,8,24,31.7,C
2014,8,25,32.8,C
2014,8,26,32.2,C
2014,8,27,29.1,C
2014,8,28,30.8,C
2014,8,29,32.6,C
2014,8,30,32.8,C
2014,8,31,33.0,C
2014,9,1,34.5,C
2014,9,2,35.2,C
2014,9,3,32.4,C
2014,9,4,36.8,C
2014,9,5,32.2,C
2014,9,6,33.2,C
2014,9,7,30.7,C
2014,9,8,33.1,C
2014,9,9,35.3,C
2014,9,10,35.8,C
2014,9,11,36.4,C
2014,9,12,30.4,C
2014,9,13,33.7,C
2014,9,14,32.5,C
2014,9,15,32.1,C
2014,9,16,28.5,C
2014,9,17,30.5,C
2014,9,18,34.2,C
2014,9,19,36.7,C
2014,9,20,32.7,C
2014,9,21,30.7,C
2014,9,22,34.1,C
2014,9,23,34.8,C
2014,9,24,34.7,C
2014,9,25,34.2,C
2014,9,26,33.0,C
2014,9,27,33.8,C
2014,9,28,34.8,C
2014,9,29,35.2,C
2014,9,30,36.2,C
2014,10,1,30.6,C
2014,10,2,32.9,C
2014,10,3,32.3,C
2014,10,4,28.2,C
2014,10,5,29.8,C
2014,10,6,29.3,C
2014,10,7,27.4,C
2014,10,8,29.0,C
2014,10,9,30.4,C
2014,10,10,29.8,C
2014,10,11,32.8,C
2014,10,12,29.7,C
2014,10,13,29.9,C
2014,10,14,28.2,C
2014,10,15,28.5,C
2014,10,16,26.7,C
2014,10,17,26.3,C
2014,10,18,26.5,C
2014,10,19,26.6,C
2014,10,20,28.4,C
2014,10,21,31.1,C
2014,10,22,29.8,C
2014,10,23,26.3,C
2014,10,24,25.9,C
2014,10,25,26.7,C
2014,10,26,27.7,C
2014,10,27,28.6,C
2014,10,28,25.4,C
2014,10,29,25.8,C
2014,10,30,26.8,C
2014,10,31,28.1,C
2014,11,1,29.3,C
2014,11,2,28.0,C
2014,11,3,22.5,C
2014,11,4,23.6,C
2014,11,5,25.8,C
2014,11,6,27.5,C
2014,11,7,24.6,C
2014,11,8,23.3,C
2014,11,9,23.8,C
2014,11,10,25.0,C
2014,11,11,25.7,#
2014,11,12,25.6,#
2014,11,13,20.7,C
2014,11,14,22.8,C
2014,11,15,24.3,C
2014,11,16,29.0,C
2014,11,17,24.1,#
2014,11,18,25.5,C
2014,11,19,24.6,C
2014,11,20,23.2,C
2014,11,21,25.1,C
2014,11,22,25.0,C
2014,11,23,24.9,C
2014,11,24,26.1,C
2014,11,25,30.4,C
2014,11,26,24.9,C
2014,11,27,23.1,C
2014,11,28,24.2,C
2014,11,29,24.3,C
2014,11,30,24.2,C
2014,12,1,22.8,C
2014,12,2,17.7,#
2014,12,3,19.2,C
2014,12,4,18.7,C
2014,12,5,17.3,C
2014,12,6,19.0,C
2014,12,7,18.8,C
2014,12,8,21.7,C
2014,12,9,21.2,C
2014,12,10,20.6,C
2014,12,11,21.8,C
2014,12,12,16.6,C
2014,12,13,18.5,C
2014,12,14,19.0,C
2014,12,15,20.1,C
2014,12,16,18.4,C
2014,12,17,15.2,C
2014,12,18,15.8,C
2014,12,19,15.4,C
2014,12,20,19.9,C
2014,12,21,18.4,C
2014,12,22,16.8,C
2014,12,23,15.9,C
2014,12,24,20.1,C
2014,12,25,18.5,C
2014,12,26,16.7,C
2014,12,27,17.1,C
2014,12,28,16.3,C
2014,12,29,18.2,C
2014,12,30,21.2,C
2014,12,31,22.8,C
2015,1,1,20.2,C
2015,1,2,16.6,C
2015,1,3,17.8,C
2015,1,4,20.8,C
2015,1,5,20.4,C
2015,1,6,24.4,C
2015,1,7,17.8,C
2015,1,8,18.0,C
2015,1,9,17.2,C
2015,1,10,19.2,C
2015,1,11,19.4,C
2015,1,12,16.7,C
2015,1,13,13.4,C
2015,1,14,17.1,C
2015,1,15,18.8,C
2015,1,16,21.5,C
2015,1,17,19.0,C
2015,1,18,17.4,C
2015,1,19,21.5,C
2015,1,20,16.8,C
2015,1,21,19.5,C
2015,1,22,22.9,C
2015,1,23,19.3,C
2015,1,24,17.9,C
2015,1,25,18.3,C
2015,1,26,19.2,#
2015,1,27,20.0,C
2015,1,28,17.6,C
2015,1,29,19.7,C
2015,1,30,20.7,C
2015,1,31,15.8,C
2015,2,1,17.2,C
2015,2,2,18.2,C
2015,2,3,19.2,C
2015,2,4,16.7,C
2015,2,5,16.1,C
2015,2,6,15.0,C
2015,2,7,16.9,C
2015,2,8,19.5,C
2015,2,9,15.1,C
2015,2,10,16.3,C
2015,2,11,20.5,C
2015,2,12,23.0,C
2015,2,13,20.4,C
2015,2,14,19.2,C
2015,2,15,19.0,C
2015,2,16,21.4,C
2015,2,17,18.4,C
2015,2,18,18.1,C
2015,2,19,16.7,C
2015,2,20,17.6,C
2015,2,21,20.2,C
2015,2,22,19.7,C
2015,2,23,17.6,C
2015,2,24,18.0,C
2015,2,25,19.2,C
2015,2,26,22.7,C
2015,2,27,20.8,C
2015,2,28,17.9,C
2015,3,1,19.7,C
2015,3,2,17.5,C
2015,3,3,19.9,C
2015,3,4,19.3,C
2015,3,5,17.5,C
2015,3,6,16.4,C
2015,3,7,16.9,C
2015,3,8,18.4,C
2015,3,9,24.1,C
2015,3,10,18.3,C
2015,3,11,16.0,C
2015,3,12,15.7,C
2015,3,13,17.3,C
2015,3,14,19.5,C
2015,3,15,19.5,C
2015,3,16,20.7,C
2015,3,17,22.0,C
2015,3,18,24.2,C
2015,3,19,24.1,C
2015,3,20,27.1,C
2015,3,21,24.2,C
2015,3,22,21.1,C
2015,3,23,22.6,C
2015,3,24,20.2,C
2015,3,25,18.4,C
2015,3,26,18.8,C
2015,3,27,23.7,C
2015,3,28,23.0,C
2015,3,29,24.1,C
2015,3,30,23.4,C
2015,3,31,22.3,C
2015,4,1,26.2,C
2015,4,2,27.1,#
2015,4,3,28.7,#
2015,4,4,30.4,C
2015,4,5,27.9,C
2015,4,6,31.3,C
2015,4,7,24.6,C
2015,4,8,19.5,C
2015,4,9,18.8,#
2015,4,10,18.8,C
2015,4,11,18.0,C
2015,4,12,23.7,C
2015,4,13,26.7,C
2015,4,14,24.4,C
2015,4,15,28.5,#
2015,4,16,26.6,C
2015,4,17,27.2,C
2015,4,18,26.7,C
2015,4,19,26.6,C
2015,4,20,26.7,C
2015,4,21,24.8,C
2015,4,22,24.0,C
2015,4,23,22.4,C
2015,4,24,26.2,C
2015,4,25,25.0,C
2015,4,26,25.1,C
2015,4,27,28.6,C
2015,4,28,30.0,C
2015,4,29,29.8,C
2015,4,30,31.3,C
2015,5,1,29.0,C
2015,5,2,29.9,C
2015,5,3,32.7,C
2015,5,4,32.4,C
2015,5,5,31.7,C
2015,5,6,29.3,C
2015,5,7,30.6,C
2015,5,8,30.7,C
2015,5,9,33.2,C
2015,5,10,28.2,C
2015,5,11,28.4,C
2015,5,12,29.3,C
2015,5,13,26.8,C
2015,5,14,31.2,C
2015,5,15,31.4,#
2015,5,16,29.6,C
2015,5,17,30.4,C
2015,5,18,30.5,C
2015,5,19,29.6,C
2015,5,20,30.1,C
2015,5,21,25.0,C
2015,5,22,24.1,C
2015,5,23,26.9,C
2015,5,24,27.7,C
2015,5,25,30.5,C
2015,5,26,29.5,#
2015,5,27,29.7,C
2015,5,28,32.2,C
2015,5,29,32.3,C
2015,5,30,32.5,C
2015,5,31,30.8,C
2015,6,1,31.2,C
2015,6,2,32.4,C
2015,6,3,33.7,C
2015,6,4,32.7,C
2015,6,5,31.0,#
2015,6,6,34.2,C
2015,6,7,33.1,C
2015,6,8,32.9,C
2015,6,9,34.5,C
2015,6,10,34.0,#
2015,6,11,32.6,C
2015,6,12,33.6,#
2015,6,13,34.1,C
2015,6,14,33.4,C
2015,6,15,33.9,C
2015,6,16,35.3,C
2015,6,17,33.2,C
2015,6,18,32.2,C
2015,6,19,34.3,C
2015,6,20,34.0,C
2015,6,21,32.8,C
2015,6,22,29.8,C
2015,6,23,28.6,C
2015,6,24,28.5,C
2015,6,25,30.7,C
2015,6,26,32.0,C
2015,6,27,32.6,C
2015,6,28,33.1,C
2015,6,29,32.2,C
2015,6,30,33.0,C
2015,7,1,32.8,C
2015,7,2,32.9,#
2015,7,3,34.2,C
2015,7,4,34.2,C
2015,7,5,31.0,C
2015,7,6,33.0,C
2015,7,7,33.6,C
2015,7,8,32.9,C
2015,7,9,31.2,#
2015,7,10,30.6,C
2015,7,11,33.5,C
2015,7,12,34.5,#
2015,7,13,34.9,C
2015,7,14,34.4,#
2015,7,15,33.3,C
2015,7,16,33.8,C
2015,7,17,32.1,C
2015,7,18,31.1,C
2015,7,19,31.0,#
2015,7,20,28.1,#
2015,7,21,27.0,C
2015,7,22,27.3,C
2015,7,23,29.4,C
2015,7,24,29.1,C
2015,7,25,29.8,#
2015,7,26,30.1,C
2015,7,27,30.8,#
2015,7,28,32.3,C
2015,7,29,32.1,C
2015,7,30,31.4,C
2015,7,31,31.9,C
2015,8,1,32.4,C
2015,8,2,32.8,C
2015,8,3,33.1,C
2015,8,4,33.3,#
2015,8,5,33.4,#
2015,8,6,34.0,C
2015,8,7,34.1,C
2015,8,8,35.4,#
2015,8,9,33.8,#
2015,8,10,30.0,#
2015,8,11,32.0,#
2015,8,12,32.5,C
2015,8,13,28.4,C
2015,8,14,27.2,C
2015,8,15,27.8,#
2015,8,16,31.7,C
2015,8,17,31.7,#
2015,8,18,31.9,C
2015,8,19,31.8,C
2015,8,20,31.0,C
2015,8,21,33.5,C
2015,8,22,33.9,#
2015,8,23,33.3,C
2015,8,24,32.8,C
2015,8,25,33.4,C
2015,8,26,31.5,C
2015,8,27,31.4,#
2015,8,28,31.3,C
2015,8,29,29.2,#
2015,8,30,26.3,#
2015,8,31,29.2,C
2015,9,1,29.7,C
2015,9,2,26.8,#
2015,9,3,28.3,C
2015,9,4,31.7,#
2015,9,5,32.3,#
2015,9,6,30.6,#
2015,9,7,28.5,#
2015,9,8,28.9,#
2015,9,9,29.2,#
2015,9,10,29.4,#
2015,9,11,29.0,#
2015,9,12,30.6,C
2015,9,13,29.1,#
2015,9,14,28.9,#
2015,9,15,29.1,C
2015,9,16,29.6,#
2015,9,17,29.7,#
2015,9,18,30.5,#
2015,9,19,33.1,C
2015,9,20,34.0,#
2015,9,21,28.4,#
2015,9,22,31.2,#
2015,9,23,33.6,#
2015,9,24,32.9,C
2015,9,25,32.3,C
2015,9,26,35.3,#
2015,9,27,30.4,#
2015,9,28,32.3,C
2015,9,29,32.0,#
2015,9,30,35.9,#
2015,10,1,29.1,#
2015,10,2,32.6,#
2015,10,3,29.7,C
2015,10,4,27.7,C
2015,10,5,30.0,#
2015,10,6,29.0,C
2015,10,7,29.5,C
2015,10,8,30.0,C
2015,10,9,31.9,#
2015,10,10,27.2,C
2015,10,11,21.9,#
2015,10,12,24.8,#
2015,10,13,27.5,C
2015,10,14,28.4,#
2015,10,15,30.5,C
2015,10,16,30.6,#
2015,10,17,33.3,#
2015,10,18,31.6,#
2015,10,19,28.9,C
2015,10,20,29.1,C
2015,10,21,33.4,#
2015,10,22,33.7,#
2015,10,23,32.8,#
2015,10,24,31.5,C
2015,10,25,27.8,#
2015,10,26,26.2,#
2015,10,27,31.2,#
2015,10,28,30.3,#
2015,10,29,28.2,C
2015,10,30,30.3,C
2015,10,31,27.1,C
2015,11,1,25.1,C
2015,11,2,28.0,C
2015,11,3,25.4,#
2015,11,4,26.9,C
2015,11,5,30.2,C
2015,11,6,26.8,C
2015,11,7,27.9,#
2015,11,8,29.3,C
2015,11,9,32.7,#
2015,11,10,25.4,C
2015,11,11,24.4,C
2015,11,12,24.6,C
2015,11,13,24.9,C
2015,11,14,30.8,C
2015,11,15,25.4,C
2015,11,16,27.0,C
2015,11,17,28.7,C
2015,11,18,30.2,C
2015,11,19,27.8,C
2015,11,20,25.5,C
2015,11,21,25.2,C
2015,11,22,29.3,C
2015,11,23,30.0,C
2015,11,24,28.0,C
2015,11,25,29.2,C
2015,11,26,21.0,C
2015,11,27,20.8,C
2015,11,28,22.3,C
2015,11,29,25.4,C
2015,11,30,28.0,C
2015,12,1,24.1,C
2015,12,2,26.5,#
2015,12,3,21.5,#
2015,12,4,20.2,#
2015,12,5,20.4,C
2015,12,6,17.8,#
2015,12,7,20.4,C
2015,12,8,19.9,C
2015,12,9,19.8,C
2015,12,10,24.6,C
2015,12,11,25.8,C
2015,12,12,20.9,C
2015,12,13,21.0,#
2015,12,14,22.9,#
2015,12,15,20.6,#
2015,12,16,16.8,#
2015,12,17,14.9,C
2015,12,18,16.5,C
2015,12,19,18.1,C
2015,12,20,18.3,C
2015,12,21,21.1,C
2015,12,22,19.7,C
2015,12,23,21.0,C
2015,12,24,24.2,C
2015,12,25,21.1,C
2015,12,26,18.6,C
2015,12,27,18.1,#
2015,12,28,18.5,C
2015,12,29,18.8,C
2015,12,30,19.3,C
2015,12,31,22.1,C
2016,1,1,19.4,C
2016,1,2,20.6,C
2016,1,3,19.4,C
2016,1,4,22.7,C
2016,1,5,20.6,C
2016,1,6,26.6,C
2016,1,7,22.3,C
2016,1,8,22.8,C
2016,1,9,18.9,C
2016,1,10,18.1,C
2016,1,11,20.2,C
2016,1,12,19.3,C
2016,1,13,19.1,C
2016,1,14,16.9,C
2016,1,15,16.4,#
2016,1,16,17.3,C
2016,1,17,19.9,C
2016,1,18,17.6,#
2016,1,19,17.4,C
2016,1,20,16.7,C
2016,1,21,16.0,C
2016,1,22,15.2,#
2016,1,23,10.2,C
2016,1,24,6.9,C
2016,1,25,10.7,C
2016,1,26,14.3,C
2016,1,27,15.2,C
2016,1,28,16.3,C
2016,1,29,16.5,C
2016,1,30,20.3,C
2016,1,31,15.7,C
2016,2,1,15.0,C
2016,2,2,11.2,C
2016,2,3,13.6,C
2016,2,4,19.7,C
2016,2,5,18.9,C
2016,2,6,16.0,C
2016,2,7,17.3,C
2016,2,8,17.8,C
2016,2,9,22.0,C
2016,2,10,16.3,C
2016,2,11,20.7,C
2016,2,12,19.8,C
2016,2,13,25.9,C
2016,2,14,24.0,C
2016,2,15,15.2,C
2016,2,16,16.6,C
2016,2,17,13.8,C
2016,2,18,14.1,#
2016,2,19,15.8,C
2016,2,20,19.0,C
2016,2,21,15.3,C
2016,2,22,17.3,C
2016,2,23,15.8,C
2016,2,24,15.5,C
2016,2,25,17.3,C
2016,2,26,18.7,C
2016,2,27,19.7,C
2016,2,28,22.4,#
2016,2,29,25.6,C
2016,3,1,16.6,C
2016,3,2,18.3,C
2016,3,3,22.6,C
2016,3,4,23.3,C
2016,3,5,22.4,C
2016,3,6,28.1,C
2016,3,7,19.7,C
2016,3,8,20.3,C
2016,3,9,19.8,C
2016,3,10,16.1,C
2016,3,11,13.2,C
2016,3,12,14.6,C
2016,3,13,16.3,C
2016,3,14,16.2,C
2016,3,15,15.3,#
2016,3,16,15.8,C
2016,3,17,16.3,C
2016,3,18,19.2,C
2016,3,19,22.5,C
2016,3,20,22.0,C
2016,3,21,17.7,C
2016,3,22,16.7,C
2016,3,23,18.3,C
2016,3,24,16.4,C
2016,3,25,15.5,C
2016,3,26,17.1,C
2016,3,27,21.8,#
2016,3,28,17.0,C
2016,3,29,18.8,C
2016,3,30,21.7,C
2016,3,31,24.4,C
2016,4,1,22.8,C
2016,4,2,22.0,C
2016,4,3,25.5,C
2016,4,4,24.9,C
2016,4,5,22.6,C
2016,4,6,21.7,#
2016,4,7,25.7,C
2016,4,8,25.7,C
2016,4,9,28.0,C
2016,4,10,24.4,C
2016,4,11,20.9,C
2016,4,12,21.8,C
2016,4,13,23.7,C
2016,4,14,22.5,C
2016,4,15,20.9,C
2016,4,16,27.1,C
2016,4,17,26.4,C
2016,4,18,25.0,C
2016,4,19,20.6,C
2016,4,20,23.3,C
2016,4,21,26.8,C
2016,4,22,25.7,C
2016,4,23,25.4,C
2016,4,24,26.4,C
2016,4,25,30.0,C
2016,4,26,28.5,#
2016,4,27,28.6,C
2016,4,28,28.7,#
2016,4,29,24.3,C
2016,4,30,22.3,C
2016,5,1,22.3,C
2016,5,2,25.7,C
2016,5,3,30.3,C
2016,5,4,29.1,C
2016,5,5,32.1,C
2016,5,6,31.9,C
2016,5,7,32.4,C
2016,5,8,32.3,C
2016,5,9,32.3,C
2016,5,10,27.8,C
2016,5,11,28.4,C
2016,5,12,25.8,C
2016,5,13,26.1,C
2016,5,14,26.3,C
2016,5,15,28.9,C
2016,5,16,28.9,C
2016,5,17,24.2,C
2016,5,18,24.7,C
2016,5,19,26.4,C
2016,5,20,26.0,C
2016,5,21,29.3,C
2016,5,22,30.9,C
2016,5,23,30.3,C
2016,5,24,31.8,C
2016,5,25,31.2,C
2016,5,26,28.3,C
2016,5,27,28.8,C
2016,5,28,31.9,C
2016,5,29,32.5,C
2016,5,30,32.4,C
2016,5,31,33.3,#
2016,6,1,31.8,C
2016,6,2,31.6,C
2016,6,3,32.2,C
2016,6,4,33.4,C
2016,6,5,31.6,C
2016,6,6,29.7,C
2016,6,7,31.0,C
2016,6,8,27.1,#
2016,6,9,***,#
2016,6,10,30.1,#
2016,6,11,27.3,#
2016,6,12,27.8,#
2016,6,13,29.2,#
2016,6,14,31.2,#
2016,6,15,32.1,C
2016,6,16,32.3,#
2016,6,17,33.6,C
2016,6,18,33.3,C
2016,6,19,33.0,C
2016,6,20,34.7,C
2016,6,21,35.2,C
2016,6,22,35.5,C
2016,6,23,34.9,C
2016,6,24,36.4,C
2016,6,25,33.0,C
2016,6,26,36.6,C
2016,6,27,35.3,#
2016,6,28,32.9,#
2016,6,29,32.8,#
2016,6,30,33.0,C
2016,7,1,32.9,C
2016,7,2,33.5,C
2016,7,3,34.0,C
2016,7,4,32.2,#
2016,7,5,32.4,#
2016,7,6,28.9,#
2016,7,7,29.2,#
2016,7,8,33.7,#
2016,7,9,33.4,#
2016,7,10,30.9,#
2016,7,11,33.1,#
2016,7,12,28.9,#
2016,7,13,31.0,#
2016,7,14,30.0,#
2016,7,15,32.6,#
2016,7,16,32.8,#
2016,7,17,33.5,C
2016,7,18,32.1,C
2016,7,19,32.2,C
2016,7,20,32.9,#
2016,7,21,35.3,#
2016,7,22,32.9,#
2016,7,23,32.6,#
2016,7,24,35.0,#
2016,7,25,36.5,#
2016,7,26,32.6,#
2016,7,27,36.2,#
2016,7,28,34.1,#
2016,7,29,32.8,#
2016,7,30,35.8,#
2016,7,31,35.3,#
2016,8,1,31.4,#
2016,8,2,28.7,#
2016,8,3,29.3,C
2016,8,4,26.8,#
2016,8,5,32.4,C
2016,8,6,31.1,#
2016,8,7,31.4,#
2016,8,8,33.3,#
2016,8,9,34.7,#
2016,8,10,29.6,C
2016,8,11,29.4,C
2016,8,12,30.9,C
2016,8,13,30.9,C
2016,8,14,27.9,C
2016,8,15,30.5,#
2016,8,16,26.7,C
2016,8,17,27.4,C
2016,8,18,27.1,C
2016,8,19,29.6,C
2016,8,20,31.8,C
2016,8,21,30.4,C
2016,8,22,30.6,C
2016,8,23,32.2,#
2016,8,24,32.1,#
2016,8,25,33.9,C
2016,8,26,33.5,C
2016,8,27,32.7,C
2016,8,28,29.7,C
2016,8,29,27.3,C
2016,8,30,31.7,C
2016,8,31,32.7,C
2016,9,1,30.6,C
2016,9,2,31.0,C
2016,9,3,29.6,C
2016,9,4,28.6,C
2016,9,5,27.6,C
2016,9,6,27.8,C
2016,9,7,29.0,C
2016,9,8,28.3,C
2016,9,9,28.6,C
2016,9,10,30.6,C
2016,9,11,31.4,C
2016,9,12,31.0,C
2016,9,13,29.4,C
2016,9,14,32.6,C
2016,9,15,31.7,C
2016,9,16,32.2,C
2016,9,17,32.2,C
2016,9,18,32.6,C
2016,9,19,32.2,#
2016,9,20,27.6,C
2016,9,21,28.7,C
2016,9,22,27.5,#
2016,9,23,28.7,#
2016,9,24,29.9,#
2016,9,25,30.8,C
2016,9,26,33.8,C
2016,9,27,33.9,C
2016,9,28,30.5,C
2016,9,29,28.4,C
2016,9,30,29.2,C
2016,10,1,30.0,C
2016,10,2,31.1,C
2016,10,3,28.2,C
2016,10,4,28.9,C
2016,10,5,32.4,C
2016,10,6,31.5,C
2016,10,7,28.6,C
2016,10,8,28.9,C
2016,10,9,27.5,C
2016,10,10,28.2,C
2016,10,11,26.3,C
2016,10,12,25.8,C
2016,10,13,27.2,C
2016,10,14,29.8,C
2016,10,15,30.3,C
2016,10,16,31.2,C
2016,10,17,28.2,C
2016,10,18,25.4,C
2016,10,19,25.8,C
2016,10,20,30.3,C
2016,10,21,27.7,C
2016,10,22,32.6,C
2016,10,23,29.6,C
2016,10,24,31.5,C
2016,10,25,29.2,C
2016,10,26,28.6,C
2016,10,27,31.4,C
2016,10,28,32.4,C
2016,10,29,29.1,C
2016,10,30,25.0,#
2016,10,31,27.1,C
2016,11,1,24.6,C
2016,11,2,24.8,C
2016,11,3,23.6,C
2016,11,4,26.9,C
2016,11,5,25.9,C
2016,11,6,26.2,C
2016,11,7,27.5,C
2016,11,8,30.5,C
2016,11,9,22.3,C
2016,11,10,19.1,C
2016,11,11,22.7,C
2016,11,12,24.5,C
2016,11,13,26.3,C
2016,11,14,30.9,C
2016,11,15,30.5,C
2016,11,16,26.2,C
2016,11,17,27.6,C
2016,11,18,26.0,C
2016,11,19,27.9,C
2016,11,20,27.8,C
2016,11,21,25.0,C
2016,11,22,23.9,C
2016,11,23,21.7,C
2016,11,24,18.9,C
2016,11,25,21.5,C
2016,11,26,21.2,C
2016,11,27,19.0,C
2016,11,28,20.1,C
2016,11,29,22.4,C
2016,11,30,21.2,C
2016,12,1,21.8,C
2016,12,2,22.5,C
2016,12,3,22.2,C
2016,12,4,25.3,C
2016,12,5,24.1,C
2016,12,6,21.8,C
2016,12,7,21.1,C
2016,12,8,23.5,C
2016,12,9,23.8,C
2016,12,10,24.9,C
2016,12,11,21.8,C
2016,12,12,23.2,C
2016,12,13,25.2,C
2016,12,14,23.3,C
2016,12,15,19.7,C
2016,12,16,17.7,C
2016,12,17,18.7,C
2016,12,18,20.5,C
2016,12,19,22.9,C
2016,12,20,21.9,C
2016,12,21,21.6,C
2016,12,22,23.2,C
2016,12,23,22.3,C
2016,12,24,19.2,C
2016,12,25,20.4,C
2016,12,26,24.3,C
2016,12,27,20.8,C
2016,12,28,15.3,C
2016,12,29,17.4,C
2016,12,30,17.9,C
2016,12,31,21.6,C
2017,1,1,19.7,C
2017,1,2,23.5,C
2017,1,3,21.7,C
2017,1,4,20.4,C
2017,1,5,24.7,C
2017,1,6,24.1,C
2017,1,7,22.7,C
2017,1,8,27.5,C
2017,1,9,21.1,C
2017,1,10,20.4,C
2017,1,11,19.4,C
2017,1,12,19.8,C
2017,1,13,16.1,#
2017,1,14,16.4,C
2017,1,15,16.6,C
2017,1,16,17.5,C
2017,1,17,18.4,C
2017,1,18,19.6,C
2017,1,19,22.3,C
2017,1,20,20.3,C
2017,1,21,19.3,C
2017,1,22,19.2,C
2017,1,23,18.8,C
2017,1,24,17.3,C
2017,1,25,19.3,C
2017,1,26,18.7,C
2017,1,27,21.7,C
2017,1,28,17.5,C
2017,1,29,20.9,C
2017,1,30,24.7,C
2017,1,31,17.2,C
2017,2,1,20.7,C
2017,2,2,16.9,C
2017,2,3,18.0,C
2017,2,4,20.1,C
2017,2,5,24.1,C
2017,2,6,18.2,C
2017,2,7,16.5,C
2017,2,8,18.4,C
2017,2,9,16.0,C
2017,2,10,14.6,#
2017,2,11,17.3,C
2017,2,12,18.8,#
2017,2,13,17.6,C
2017,2,14,17.8,#
2017,2,15,17.7,C
2017,2,16,22.8,C
2017,2,17,24.8,C
2017,2,18,22.8,C
2017,2,19,17.2,#
2017,2,20,22.7,#
2017,2,21,18.7,C
2017,2,22,19.5,C
2017,2,23,19.4,C
2017,2,24,13.2,C
2017,2,25,13.0,C
2017,2,26,16.5,C
2017,2,27,17.9,C
2017,2,28,19.7,#
2017,3,1,24.7,C
2017,3,2,22.5,C
2017,3,3,18.6,C
2017,3,4,21.0,C
2017,3,5,22.0,C
2017,3,6,22.8,C
2017,3,7,17.9,C
2017,3,8,16.9,C
2017,3,9,18.1,C
2017,3,10,19.1,C
2017,3,11,17.3,C
2017,3,12,18.6,C
2017,3,13,22.9,C
2017,3,14,21.0,C
2017,3,15,17.2,C
2017,3,16,18.0,C
2017,3,17,18.5,C
2017,3,18,19.2,C
2017,3,19,19.5,C
2017,3,20,26.5,#
2017,3,21,25.4,C
2017,3,22,19.4,C
2017,3,23,23.3,C
2017,3,24,20.1,C
2017,3,25,24.1,C
2017,3,26,16.6,C
2017,3,27,21.3,C
2017,3,28,23.5,C
2017,3,29,22.0,C
2017,3,30,21.4,C
2017,3,31,21.7,C
2017,4,1,22.9,C
2017,4,2,22.0,C
2017,4,3,22.0,C
2017,4,4,22.2,C
2017,4,5,25.5,#
2017,4,6,23.6,C
2017,4,7,26.9,C
2017,4,8,26.0,C
2017,4,9,28.1,C
2017,4,10,28.7,C
2017,4,11,32.0,C
2017,4,12,23.3,C
2017,4,13,22.0,C
2017,4,14,25.2,C
2017,4,15,25.6,C
2017,4,16,28.6,#
2017,4,17,32.4,C
2017,4,18,30.3,C
2017,4,19,30.3,C
2017,4,20,25.6,C
2017,4,21,29.2,C
2017,4,22,22.6,C
2017,4,23,21.8,C
2017,4,24,21.6,C
2017,4,25,23.0,C
2017,4,26,25.3,#
2017,4,27,23.2,C
2017,4,28,22.1,C
2017,4,29,25.9,C
2017,4,30,27.8,C
2017,5,1,27.1,C
2017,5,2,30.8,C
2017,5,3,31.9,C
2017,5,4,28.2,C
2017,5,5,29.9,C
2017,5,6,30.7,C
2017,5,7,26.3,C
2017,5,8,27.3,C
2017,5,9,29.9,C
2017,5,10,30.9,C
2017,5,11,29.5,C
2017,5,12,32.1,C
2017,5,13,28.3,C
2017,5,14,30.6,C
2017,5,15,26.3,C
2017,5,16,25.1,C
2017,5,17,28.5,C
2017,5,18,26.2,C
2017,5,19,25.1,C
2017,5,20,24.1,C
2017,5,21,25.1,C
2017,5,22,25.6,C
2017,5,23,27.6,C
2017,5,24,26.3,C
2017,5,25,29.5,C
2017,5,26,24.6,C
2017,5,27,27.9,C
2017,5,28,28.2,C
2017,5,29,27.4,C
2017,5,30,28.0,C
2017,5,31,32.9,C
2017,6,1,31.0,C
2017,6,2,30.4,C
2017,6,3,31.9,C
2017,6,4,32.8,C
2017,6,5,34.1,C
2017,6,6,33.3,C
2017,6,7,34.2,C
2017,6,8,35.3,C
2017,6,9,33.6,C
2017,6,10,36.4,C
2017,6,11,37.1,C
2017,6,12,30.6,C
2017,6,13,27.4,C
2017,6,14,31.4,C
2017,6,15,32.1,C
2017,6,16,28.6,C
2017,6,17,28.1,C
2017,6,18,26.7,C
2017,6,19,28.4,C
2017,6,20,27.6,C
2017,6,21,28.6,#
2017,6,22,32.7,C
2017,6,23,33.7,#
2017,6,24,33.1,C
2017,6,25,32.3,C
2017,6,26,31.8,C
2017,6,27,33.4,C
2017,6,28,32.8,C
2017,6,29,35.2,C
2017,6,30,33.0,C
2017,7,1,33.3,#
2017,7,2,31.1,C
2017,7,3,30.9,C
2017,7,4,30.4,C
2017,7,5,29.4,C
2017,7,6,30.3,C
2017,7,7,30.2,C
2017,7,8,28.3,C
2017,7,9,32.0,C
2017,7,10,33.1,C
2017,7,11,33.5,C
2017,7,12,32.4,C
2017,7,13,31.5,C
2017,7,14,31.3,C
2017,7,15,31.8,C
2017,7,16,29.8,C
2017,7,17,30.0,#
2017,7,18,27.7,C
2017,7,19,30.0,C
2017,7,20,30.3,C
2017,7,21,30.0,C
2017,7,22,30.4,C
2017,7,23,28.0,C
2017,7,24,29.4,C
2017,7,25,31.7,C
2017,7,26,32.4,C
2017,7,27,29.5,C
2017,7,28,32.4,C
2017,7,29,33.3,C
2017,7,30,34.4,C
2017,7,31,31.2,C
2017,8,1,32.4,C
2017,8,2,32.5,C
2017,8,3,27.9,C
2017,8,4,29.5,C
2017,8,5,32.2,C
2017,8,6,33.1,C
2017,8,7,33.1,C
2017,8,8,32.3,C
2017,8,9,32.4,C
2017,8,10,32.1,C
2017,8,11,33.9,C
2017,8,12,33.6,C
2017,8,13,34.0,C
2017,8,14,33.8,C
2017,8,15,33.0,C
2017,8,16,35.4,C
2017,8,17,33.6,C
2017,8,18,34.3,C
2017,8,19,34.9,C
2017,8,20,34.8,C
2017,8,21,34.4,C
2017,8,22,37.1,C
2017,8,23,27.5,#
2017,8,24,31.4,C
2017,8,25,30.3,C
2017,8,26,33.7,C
2017,8,27,27.1,C
2017,8,28,26.5,C
2017,8,29,33.2,C
2017,8,30,36.4,C
2017,8,31,34.9,C
2017,9,1,34.1,C
2017,9,2,31.2,C
2017,9,3,28.9,C
2017,9,4,27.4,C
2017,9,5,34.6,C
2017,9,6,35.0,C
2017,9,7,33.9,C
2017,9,8,32.2,C
2017,9,9,34.5,C
2017,9,10,36.0,C
2017,9,11,35.2,C
2017,9,12,35.5,C
2017,9,13,33.2,C
2017,9,14,30.3,#
2017,9,15,33.3,C
2017,9,16,36.0,C
2017,9,17,35.4,C
2017,9,18,31.8,C
2017,9,19,31.6,C
2017,9,20,30.5,C
2017,9,21,31.4,C
2017,9,22,31.2,C
2017,9,23,30.6,C
2017,9,24,29.9,C
2017,9,25,32.5,C
2017,9,26,33.2,C
2017,9,27,35.2,C
2017,9,28,36.6,C
2017,9,29,33.2,C
2017,9,30,30.0,C
2017,10,1,31.4,C
2017,10,2,33.0,C
2017,10,3,32.6,C
2017,10,4,30.3,C
2017,10,5,29.4,C
2017,10,6,29.7,C
2017,10,7,30.7,C
2017,10,8,30.6,C
2017,10,9,30.0,C
2017,10,10,30.5,C
2017,10,11,30.9,C
2017,10,12,33.6,C
2017,10,13,29.7,C
2017,10,14,26.0,C
2017,10,15,27.2,C
2017,10,16,29.6,C
2017,10,17,26.9,C
2017,10,18,29.9,C
2017,10,19,27.0,C
2017,10,20,27.2,C
2017,10,21,25.8,C
2017,10,22,26.0,C
2017,10,23,28.0,C
2017,10,24,26.1,C
2017,10,25,25.3,C
2017,10,26,27.2,C
2017,10,27,29.5,C
2017,10,28,27.3,C
2017,10,29,26.1,C
2017,10,30,25.9,C
2017,10,31,24.4,C
2017,11,1,27.7,C
2017,11,2,28.8,C
2017,11,3,27.9,C
2017,11,4,24.5,C
2017,11,5,24.4,C
2017,11,6,25.8,C
2017,11,7,26.7,C
2017,11,8,26.7,C
2017,11,9,25.7,C
2017,11,10,26.3,C
2017,11,11,26.2,C
2017,11,12,22.7,C
2017,11,13,22.0,C
2017,11,14,24.8,C
2017,11,15,23.4,C
2017,11,16,24.2,C
2017,11,17,26.5,#
2017,11,18,28.5,C
2017,11,19,20.8,C
2017,11,20,20.5,C
2017,11,21,21.2,C
2017,11,22,22.7,C
2017,11,23,20.3,C
2017,11,24,20.3,C
2017,11,25,19.9,C
2017,11,26,22.8,C
2017,11,27,22.7,C
2017,11,28,23.7,C
2017,11,29,26.7,C
2017,11,30,22.6,C
2017,12,1,23.0,C
2017,12,2,23.5,C
2017,12,3,23.0,C
2017,12,4,25.2,C
2017,12,5,22.1,C
2017,12,6,21.8,C
2017,12,7,22.1,C
2017,12,8,19.1,C
2017,12,9,18.5,C
2017,12,10,21.8,C
2017,12,11,22.6,C
2017,12,12,21.4,C
2017,12,13,18.8,C
2017,12,14,19.9,C
2017,12,15,19.9,C
2017,12,16,18.6,C
2017,12,17,14.8,C
2017,12,18,15.8,C
2017,12,19,16.6,C
2017,12,20,17.5,C
2017,12,21,18.4,C
2017,12,22,18.4,C
2017,12,23,20.3,C
2017,12,24,21.9,C
2017,12,25,21.7,C
2017,12,26,17.7,C
2017,12,27,18.3,C
2017,12,28,20.7,C
2017,12,29,22.5,C
2017,12,30,22.9,C
2017,12,31,21.0,C
2018,1,1,17.2,C
2018,1,2,18.0,C
2018,1,3,20.2,C
2018,1,4,17.9,C
2018,1,5,18.4,C
2018,1,6,16.3,C
2018,1,7,16.8,C
2018,1,8,18.0,C
2018,1,9,10.6,C
2018,1,10,15.1,C
2018,1,11,16.4,C
2018,1,12,15.7,C
2018,1,13,14.3,C
2018,1,14,16.7,C
2018,1,15,17.0,C
2018,1,16,22.7,C
2018,1,17,25.1,C
2018,1,18,22.5,C
2018,1,19,17.3,C
2018,1,20,19.5,C
2018,1,21,17.8,C
2018,1,22,22.3,C
2018,1,23,18.5,C
2018,1,24,17.3,C
2018,1,25,16.9,C
2018,1,26,17.1,C
2018,1,27,16.1,C
2018,1,28,19.6,C
2018,1,29,12.4,C
2018,1,30,10.7,C
2018,1,31,10.3,C
2018,2,1,13.8,C
2018,2,2,12.4,#
2018,2,3,12.1,C
2018,2,4,11.7,C
2018,2,5,12.2,#
2018,2,6,13.1,#
2018,2,7,15.0,C
2018,2,8,17.2,C
2018,2,9,16.4,C
2018,2,10,19.2,C
2018,2,11,19.7,C
2018,2,12,17.6,#
2018,2,13,16.7,C
2018,2,14,19.2,C
2018,2,15,24.3,C
2018,2,16,25.4,C
2018,2,17,17.4,C
2018,2,18,19.1,C
2018,2,19,22.8,C
2018,2,20,23.4,C
2018,2,21,17.1,C
2018,2,22,16.5,C
2018,2,23,15.6,C
2018,2,24,21.5,C
2018,2,25,24.4,C
2018,2,26,17.1,C
2018,2,27,20.4,#
2018,2,28,24.0,#
2018,3,1,23.2,C
2018,3,2,23.1,C
2018,3,3,20.1,C
2018,3,4,23.1,C
2018,3,5,24.4,#
2018,3,6,21.4,C
2018,3,7,18.1,C
2018,3,8,17.9,C
2018,3,9,17.8,C
2018,3,10,19.1,#
2018,3,11,20.5,C
2018,3,12,23.3,C
2018,3,13,24.9,C
2018,3,14,19.8,C
2018,3,15,23.9,#
2018,3,16,23.6,C
2018,3,17,20.0,C
2018,3,18,22.6,C
2018,3,19,26.3,C
2018,3,20,25.2,C
2018,3,21,24.0,C
2018,3,22,22.3,C
2018,3,23,21.4,C
2018,3,24,22.6,C
2018,3,25,21.7,C
2018,3,26,25.7,C
2018,3,27,25.1,C
2018,3,28,23.8,C
2018,3,29,23.1,C
2018,3,30,27.2,C
2018,3,31,24.8,C
2018,4,1,28.9,C
2018,4,2,28.2,C
2018,4,3,30.4,C
2018,4,4,29.6,C
2018,4,5,30.3,C
2018,4,6,30.2,C
2018,4,7,19.3,C
2018,4,8,23.6,C
2018,4,9,23.3,C
2018,4,10,25.7,C
2018,4,11,26.7,C
2018,4,12,31.3,C
2018,4,13,28.7,C
2018,4,14,31.7,C
2018,4,15,24.6,C
2018,4,16,19.2,C
2018,4,17,21.8,C
2018,4,18,23.3,C
2018,4,19,24.1,C
2018,4,20,23.9,C
2018,4,21,25.2,C
2018,4,22,26.8,C
2018,4,23,31.7,C
2018,4,24,25.3,C
2018,4,25,23.1,C
2018,4,26,23.3,C
2018,4,27,28.8,C
2018,4,28,24.9,C
2018,4,29,26.3,C
2018,4,30,27.7,C
2018,5,1,30.6,C
2018,5,2,33.4,C
2018,5,3,33.0,C
2018,5,4,24.4,C
2018,5,5,25.4,C
2018,5,6,32.6,C
2018,5,7,31.8,C
2018,5,8,26.7,C
2018,5,9,24.9,C
2018,5,10,23.7,C
2018,5,11,24.1,C
2018,5,12,29.2,C
2018,5,13,32.1,C
2018,5,14,33.9,C
2018,5,15,34.8,C
2018,5,16,34.1,C
2018,5,17,35.0,C
2018,5,18,34.6,C
2018,5,19,35.5,C
2018,5,20,35.9,C
2018,5,21,36.0,C
2018,5,22,36.1,C
2018,5,23,35.5,C
2018,5,24,35.5,C
2018,5,25,37.3,C
2018,5,26,34.7,C
2018,5,27,33.5,C
2018,5,28,36.5,C
2018,5,29,35.0,C
2018,5,30,36.1,C
2018,5,31,35.5,C
2018,6,1,38.0,C
2018,6,2,29.8,C
2018,6,3,29.2,C
2018,6,4,28.8,C
2018,6,5,30.0,#
2018,6,6,28.0,#
2018,6,7,***,#
2018,6,8,***,#
2018,6,9,***,#
2018,6,10,***,#
2018,6,11,31.7,#
2018,6,12,30.2,C
2018,6,13,26.8,C
2018,6,14,29.2,#
2018,6,15,28.9,C
2018,6,16,28.7,C
2018,6,17,28.4,C
2018,6,18,30.6,C
2018,6,19,31.3,C
2018,6,20,31.9,C
2018,6,21,32.0,C
2018,6,22,32.7,C
2018,6,23,30.0,C
2018,6,24,31.2,C
2018,6,25,30.0,C
2018,6,26,32.0,C
2018,6,27,33.4,C
2018,6,28,31.4,C
2018,6,29,31.2,C
2018,6,30,32.3,C
2018,7,1,32.3,C
2018,7,2,32.0,C
2018,7,3,30.6,C
2018,7,4,31.9,C
2018,7,5,32.3,C
2018,7,6,32.7,#
2018,7,7,33.4,C
2018,7,8,33.2,C
2018,7,9,29.2,C
2018,7,10,29.9,C
2018,7,11,31.7,C
2018,7,12,32.5,C
2018,7,13,27.2,C
2018,7,14,28.9,C
2018,7,15,28.6,C
2018,7,16,29.3,C
2018,7,17,31.2,C
2018,7,18,29.7,C
2018,7,19,29.0,C
2018,7,20,29.8,C
2018,7,21,32.5,C
2018,7,22,32.0,C
2018,7,23,31.4,C
2018,7,24,31.3,C
2018,7,25,32.9,C
2018,7,26,33.5,C
2018,7,27,33.0,C
2018,7,28,33.9,C
2018,7,29,34.5,#
2018,7,30,34.6,C
2018,7,31,35.8,C
2018,8,1,34.0,C
2018,8,2,33.0,C
2018,8,3,32.8,C
2018,8,4,32.4,C
2018,8,5,34.6,C
2018,8,6,33.4,C
2018,8,7,33.9,#
2018,8,8,32.0,C
2018,8,9,30.8,C
2018,8,10,28.8,C
2018,8,11,28.3,C
2018,8,12,27.9,C
2018,8,13,29.8,C
2018,8,14,29.0,C
2018,8,15,29.5,C
2018,8,16,29.0,C
2018,8,17,27.4,C
2018,8,18,31.3,C
2018,8,19,30.1,C
2018,8,20,28.1,C
2018,8,21,30.9,#
2018,8,22,31.8,C
2018,8,23,30.2,C
2018,8,24,31.5,C
2018,8,25,32.5,C
2018,8,26,31.5,#
2018,8,27,29.5,C
2018,8,28,27.0,C
2018,8,29,29.0,C
2018,8,30,27.8,C
2018,8,31,27.6,C
2018,9,1,27.1,C
2018,9,2,28.4,C
2018,9,3,29.3,C
2018,9,4,30.8,C
2018,9,5,31.7,C
2018,9,6,31.9,C
2018,9,7,32.9,C
2018,9,8,30.5,C
2018,9,9,29.4,C
2018,9,10,29.9,C
2018,9,11,32.2,C
2018,9,12,27.7,C
2018,9,13,27.9,C
2018,9,14,30.8,C
2018,9,15,32.5,C
2018,9,16,29.8,#
2018,9,17,27.9,#
2018,9,18,29.0,C
2018,9,19,34.3,C
2018,9,20,33.9,#
2018,9,21,34.0,C
2018,9,22,33.8,C
2018,9,23,33.3,C
2018,9,24,29.2,C
2018,9,25,29.6,C
2018,9,26,30.4,C
2018,9,27,29.3,C
2018,9,28,32.8,C
2018,9,29,32.6,#
2018,9,30,31.9,C
2018,10,1,28.6,#
2018,10,2,29.6,#
2018,10,3,28.3,C
2018,10,4,31.0,#
2018,10,5,31.2,C
2018,10,6,32.0,C
2018,10,7,30.0,C
2018,10,8,27.3,C
2018,10,9,27.1,C
2018,10,10,30.8,C
2018,10,11,27.5,C
2018,10,12,24.6,C
2018,10,13,25.2,C
2018,10,14,25.9,C
2018,10,15,27.1,C
2018,10,16,25.6,C
2018,10,17,25.9,C
2018,10,18,24.5,C
2018,10,19,24.4,C
2018,10,20,24.2,#
2018,10,21,25.2,#
2018,10,22,26.9,#
2018,10,23,26.7,C
2018,10,24,25.9,#
2018,10,25,26.2,C
2018,10,26,30.0,C
2018,10,27,28.5,C
2018,10,28,28.3,C
2018,10,29,29.4,C
2018,10,30,27.7,C
2018,10,31,26.1,#
2018,11,1,27.1,C
2018,11,2,26.0,C
2018,11,3,25.2,C
2018,11,4,24.2,C
2018,11,5,24.8,#
2018,11,6,24.7,C
2018,11,7,25.5,#
2018,11,8,27.2,C
2018,11,9,28.6,#
2018,11,10,23.9,C
2018,11,11,24.0,C
2018,11,12,28.4,C
2018,11,13,25.6,C
2018,11,14,23.3,C
2018,11,15,23.3,C
2018,11,16,23.6,C
2018,11,17,23.5,C
2018,11,18,23.4,C
2018,11,19,26.6,C
2018,11,20,22.9,C
2018,11,21,26.4,C
2018,11,22,21.4,#
2018,11,23,23.8,C
2018,11,24,21.9,C
2018,11,25,21.8,#
2018,11,26,21.1,#
2018,11,27,21.7,#
2018,11,28,21.4,C
2018,11,29,22.7,C
2018,11,30,22.2,C
2018,12,1,23.4,C
2018,12,2,23.6,C
2018,12,3,27.4,C
2018,12,4,28.5,C
2018,12,5,23.8,C
2018,12,6,24.4,C
2018,12,7,22.4,C
2018,12,8,18.7,C
2018,12,9,18.3,C
2018,12,10,19.1,C
2018,12,11,21.0,C
2018,12,12,16.6,C
2018,12,13,18.0,#
2018,12,14,17.7,C
2018,12,15,22.2,C
2018,12,16,22.3,C
2018,12,17,21.2,C
2018,12,18,19.9,C
2018,12,19,20.1,C
2018,12,20,23.5,C
2018,12,21,24.5,C
2018,12,22,24.4,C
2018,12,23,21.0,C
2018,12,24,18.9,C
2018,12,25,19.8,C
2018,12,26,23.4,C
2018,12,27,21.8,C
2018,12,28,19.1,C
2018,12,29,15.4,C
2018,12,30,15.2,C
2018,12,31,16.3,C
2019,1,1,17.0,C
2019,1,2,15.8,C
2019,1,3,17.1,C
2019,1,4,19.2,C
2019,1,5,23.8,C
2019,1,6,19.4,C
2019,1,7,18.3,C
2019,1,8,18.9,C
2019,1,9,17.3,C
2019,1,10,18.6,C
2019,1,11,20.5,C
2019,1,12,23.8,C
2019,1,13,18.0,C
2019,1,14,18.6,C
2019,1,15,20.1,C
2019,1,16,19.7,C
2019,1,17,20.1,C
2019,1,18,17.0,C
2019,1,19,19.1,C
2019,1,20,22.7,C
2019,1,21,19.9,C
2019,1,22,19.2,C
2019,1,23,19.5,C
2019,1,24,18.8,C
2019,1,25,21.8,C
2019,1,26,18.3,C
2019,1,27,16.7,C
2019,1,28,17.8,C
2019,1,29,19.5,C
2019,1,30,20.7,C
2019,1,31,25.3,C
2019,2,1,20.1,C
2019,2,2,18.8,C
2019,2,3,26.3,C
2019,2,4,23.6,C
2019,2,5,21.2,C
2019,2,6,25.4,C
2019,2,7,25.4,C
2019,2,8,25.5,C
2019,2,9,19.9,C
2019,2,10,19.3,C
2019,2,11,18.6,C
2019,2,12,19.4,C
2019,2,13,22.3,C
2019,2,14,20.3,C
2019,2,15,19.9,C
2019,2,16,24.4,C
2019,2,17,18.7,C
2019,2,18,18.8,C
2019,2,19,20.8,C
2019,2,20,24.0,C
2019,2,21,20.6,C
2019,2,22,21.5,C
2019,2,23,18.9,C
2019,2,24,18.6,C
2019,2,25,18.5,C
2019,2,26,18.9,C
2019,2,27,22.4,C
2019,2,28,26.6,C
2019,3,1,21.1,C
2019,3,2,21.7,C
2019,3,3,22.5,C
2019,3,4,21.3,C
2019,3,5,26.2,C
2019,3,6,21.2,C
2019,3,7,19.9,C
2019,3,8,18.0,C
2019,3,9,18.5,C
2019,3,10,18.0,C
2019,3,11,21.4,C
2019,3,12,22.0,C
2019,3,13,22.5,C
2019,3,14,20.9,C
2019,3,15,18.4,C
2019,3,16,21.5,C
2019,3,17,20.8,C
2019,3,18,22.4,C
2019,3,19,27.7,C
2019,3,20,24.9,C
2019,3,21,28.9,C
2019,3,22,27.5,C
2019,3,23,23.1,C
2019,3,24,18.1,C
2019,3,25,23.5,C
2019,3,26,22.7,C
2019,3,27,22.8,C
2019,3,28,26.8,C
2019,3,29,29.6,C
2019,3,30,22.9,C
2019,3,31,22.0,C
2019,4,1,20.8,C
2019,4,2,21.1,C
2019,4,3,23.6,C
2019,4,4,21.7,C
2019,4,5,28.5,C
2019,4,6,29.5,C
2019,4,7,28.5,C
2019,4,8,30.6,C
2019,4,9,29.6,C
2019,4,10,30.4,C
2019,4,11,30.7,C
2019,4,12,23.3,C
2019,4,13,22.2,C
2019,4,14,22.8,C
2019,4,15,22.2,C
2019,4,16,21.6,C
2019,4,17,25.7,C
2019,4,18,23.8,C
2019,4,19,26.9,C
2019,4,20,24.8,C
2019,4,21,26.7,C
2019,4,22,31.1,C
2019,4,23,32.0,C
2019,4,24,32.0,C
2019,4,25,30.8,C
2019,4,26,32.6,C
2019,4,27,25.7,C
2019,4,28,24.6,C
2019,4,29,28.1,C
2019,4,30,29.2,C
2019,5,1,28.1,C
2019,5,2,23.3,C
2019,5,3,23.7,C
2019,5,4,23.8,C
2019,5,5,22.1,C
2019,5,6,22.2,C
2019,5,7,21.0,C
2019,5,8,20.8,C
2019,5,9,24.3,C
2019,5,10,24.7,#
2019,5,11,26.4,C
2019,5,12,26.3,C
2019,5,13,24.8,C
2019,5,14,27.9,C
2019,5,15,28.5,C
2019,5,16,31.4,C
2019,5,17,31.1,C
2019,5,18,32.3,C
2019,5,19,32.3,C
2019,5,20,31.7,C
2019,5,21,25.4,C
2019,5,22,26.2,C
2019,5,23,25.7,C
2019,5,24,25.6,C
2019,5,25,27.5,C
2019,5,26,28.2,C
2019,5,27,27.3,C
2019,5,28,26.7,C
2019,5,29,25.3,C
2019,5,30,25.4,C
2019,5,31,26.8,C
2019,6,1,29.5,C
2019,6,2,30.7,C
2019,6,3,28.3,C
2019,6,4,29.8,C
2019,6,5,32.3,C
2019,6,6,32.3,C
2019,6,7,32.6,C
2019,6,8,32.7,C
2019,6,9,31.9,C
2019,6,10,32.3,C
2019,6,11,28.3,C
2019,6,12,29.6,C
2019,6,13,29.1,#
2019,6,14,***,#
2019,6,15,***,#
2019,6,16,***,#
2019,6,17,***,#
2019,6,18,***,#
2019,6,19,***,#
2019,6,20,31.5,#
2019,6,21,32.5,C
2019,6,22,32.4,C
2019,6,23,31.4,C
2019,6,24,31.1,#
2019,6,25,29.4,C
2019,6,26,31.5,C
2019,6,27,33.3,C
2019,6,28,33.3,C
2019,6,29,33.8,C
2019,6,30,34.6,C
2019,7,1,30.5,C
2019,7,2,30.0,C
2019,7,3,28.6,C
2019,7,4,30.9,C
2019,7,5,31.0,C
2019,7,6,31.0,C
2019,7,7,31.7,C
2019,7,8,31.9,C
2019,7,9,31.0,C
2019,7,10,29.8,C
2019,7,11,30.2,C
2019,7,12,31.8,C
2019,7,13,31.1,C
2019,7,14,31.9,C
2019,7,15,33.7,C
2019,7,16,33.3,#
2019,7,17,33.8,C
2019,7,18,33.3,#
2019,7,19,30.3,C
2019,7,20,32.3,C
2019,7,21,32.1,C
2019,7,22,30.7,C
2019,7,23,31.4,C
2019,7,24,31.9,C
2019,7,25,32.7,C
2019,7,26,32.8,C
2019,7,27,32.8,C
2019,7,28,33.6,C
2019,7,29,28.7,C
2019,7,30,29.5,C
2019,7,31,27.6,C
2019,8,1,27.7,C
2019,8,2,28.0,C
2019,8,3,26.8,#
2019,8,4,27.2,#
2019,8,5,33.0,C
2019,8,6,32.2,C
2019,8,7,32.3,C
2019,8,8,33.2,C
2019,8,9,34.4,C
2019,8,10,31.7,C
2019,8,11,31.7,C
2019,8,12,32.4,C
2019,8,13,32.6,C
2019,8,14,32.9,C
2019,8,15,31.9,#
2019,8,16,32.1,#
2019,8,17,28.8,#
2019,8,18,31.6,#
2019,8,19,31.3,#
2019,8,20,30.9,#
2019,8,21,33.0,#
2019,8,22,31.8,C
2019,8,23,31.5,C
2019,8,24,32.7,C
2019,8,25,30.3,C
2019,8,26,29.0,C
2019,8,27,31.5,C
2019,8,28,33.6,C
2019,8,29,29.6,C
2019,8,30,28.1,C
2019,8,31,28.6,C
2019,9,1,29.6,C
2019,9,2,28.4,C
2019,9,3,29.5,C
2019,9,4,28.1,C
2019,9,5,29.3,#
2019,9,6,30.5,C
2019,9,7,33.2,#
2019,9,8,33.5,#
2019,9,9,33.8,C
2019,9,10,32.7,C
2019,9,11,32.7,C
2019,9,12,32.8,C
2019,9,13,31.3,C
2019,9,14,34.2,C
2019,9,15,31.8,C
2019,9,16,31.5,C
2019,9,17,30.1,C
2019,9,18,31.5,C
2019,9,19,31.5,C
2019,9,20,31.7,C
2019,9,21,32.1,C
2019,9,22,30.0,C
2019,9,23,30.3,C
2019,9,24,30.0,C
2019,9,25,30.9,C
2019,9,26,29.3,C
2019,9,27,31.9,C
2019,9,28,32.6,C
2019,9,29,34.1,#
2019,9,30,34.9,#
2019,10,1,33.3,C
2019,10,2,32.4,C
2019,10,3,35.0,C
2019,10,4,33.2,C
2019,10,5,33.7,C
2019,10,6,28.5,C
2019,10,7,28.4,C
2019,10,8,29.0,C
2019,10,9,28.7,C
2019,10,10,29.0,C
2019,10,11,33.1,C
2019,10,12,33.2,C
2019,10,13,29.7,C
2019,10,14,27.5,C
2019,10,15,27.2,C
2019,10,16,26.1,C
2019,10,17,29.0,#
2019,10,18,28.5,C
2019,10,19,27.7,C
2019,10,20,26.8,C
2019,10,21,26.8,C
2019,10,22,26.4,C
2019,10,23,26.5,C
2019,10,24,27.6,C
2019,10,25,26.6,C
2019,10,26,26.7,C
2019,10,27,27.0,C
2019,10,28,28.3,C
2019,10,29,24.6,C
2019,10,30,25.2,C
2019,10,31,26.8,C
2019,11,1,27.4,C
2019,11,2,25.9,C
2019,11,3,26.1,C
2019,11,4,27.3,C
2019,11,5,26.8,C
2019,11,6,25.2,#
2019,11,7,25.3,C
2019,11,8,25.5,#
2019,11,9,25.4,C
2019,11,10,25.2,C
2019,11,11,25.1,C
2019,11,12,23.9,C
2019,11,13,24.6,C
2019,11,14,24.8,C
2019,11,15,23.8,C
2019,11,16,23.8,C
2019,11,17,24.7,C
2019,11,18,29.7,C
2019,11,19,22.0,C
2019,11,20,23.0,C
2019,11,21,25.9,C
2019,11,22,27.0,C
2019,11,23,26.4,C
2019,11,24,28.0,C
2019,11,25,24.4,C
2019,11,26,21.7,C
2019,11,27,22.8,C
2019,11,28,21.6,C
2019,11,29,21.9,#
2019,11,30,22.8,#
2019,12,1,27.9,#
2019,12,2,19.1,#
2019,12,3,19.2,#
2019,12,4,19.8,#
2019,12,5,18.3,#
2019,12,6,18.5,#
2019,12,7,18.4,C
2019,12,8,19.8,C
2019,12,9,20.5,#
2019,12,10,21.7,#
2019,12,11,23.8,#
2019,12,12,20.3,#
2019,12,13,19.8,#
2019,12,14,21.8,#
2019,12,15,19.0,#
2019,12,16,20.7,#
2019,12,17,26.2,#
2019,12,18,29.0,#
2019,12,19,20.5,#
2019,12,20,19.9,#
2019,12,21,20.0,#
2019,12,22,23.0,#
2019,12,23,20.6,#
2019,12,24,22.4,#
2019,12,25,20.2,#
2019,12,26,27.3,#
2019,12,27,20.1,#
2019,12,28,18.8,#
2019,12,29,18.3,#
2019,12,30,21.0,#
2019,12,31,19.2,#
2020,1,1,17.6,#
2020,1,2,19.5,#
2020,1,3,21.0,#
2020,1,4,19.2,#
2020,1,5,20.5,#
2020,1,6,21.2,#
2020,1,7,26.1,#
2020,1,8,24.9,#
2020,1,9,19.2,#
2020,1,10,19.5,C
2020,1,11,23.0,C
2020,1,12,19.9,C
2020,1,13,18.4,C
2020,1,14,20.4,#
2020,1,15,19.5,#
2020,1,16,20.6,#
2020,1,17,19.0,#
2020,1,18,19.2,C
2020,1,19,20.3,#
2020,1,20,19.6,C
2020,1,21,19.3,C
2020,1,22,23.3,#
2020,1,23,24.6,C
2020,1,24,21.5,#
2020,1,25,20.0,#
2020,1,26,19.0,#
2020,1,27,15.1,#
2020,1,28,15.3,C
2020,1,29,15.8,#
2020,1,30,17.0,C
2020,1,31,18.8,C
2020,2,1,17.2,C
2020,2,2,17.7,#
2020,2,3,18.7,#
2020,2,4,17.3,C
2020,2,5,17.7,#
2020,2,6,17.2,#
2020,2,7,18.1,C
2020,2,8,18.6,#
2020,2,9,18.2,#
2020,2,10,17.3,#
2020,2,11,17.6,#
2020,2,12,22.2,#
2020,2,13,19.0,#
2020,2,14,19.4,#
2020,2,15,21.1,C
2020,2,16,20.4,#
2020,2,17,15.9,#
2020,2,18,16.4,#
2020,2,19,17.0,#
2020,2,20,20.0,#
2020,2,21,19.3,#
2020,2,22,23.2,C
2020,2,23,21.6,#
2020,2,24,19.3,#
2020,2,25,25.5,C
2020,2,26,27.8,#
2020,2,27,20.9,#
2020,2,28,21.7,#
2020,2,29,25.9,#
2020,3,1,26.6,#
2020,3,2,20.4,C
2020,3,3,18.9,C
2020,3,4,20.2,C
2020,3,5,17.8,C
2020,3,6,18.3,#
2020,3,7,24.1,C
2020,3,8,21.8,#
2020,3,9,24.1,C
2020,3,10,25.1,C
2020,3,11,18.7,C
2020,3,12,19.0,C
2020,3,13,21.4,C
2020,3,14,24.7,C
2020,3,15,22.9,C
2020,3,16,20.3,C
2020,3,17,20.0,#
2020,3,18,20.5,C
2020,3,19,23.7,C
2020,3,20,21.4,C
2020,3,21,21.5,C
2020,3,22,25.4,C
2020,3,23,27.8,C
2020,3,24,22.1,C
2020,3,25,24.2,C
2020,3,26,24.7,C
2020,3,27,25.0,C
2020,3,28,25.2,C
2020,3,29,21.4,C
2020,3,30,20.5,C
2020,3,31,21.0,C
2020,4,1,20.0,C
2020,4,2,20.3,C
2020,4,3,20.4,C
2020,4,4,21.1,C
2020,4,5,19.7,C
2020,4,6,17.8,C
2020,4,7,19.9,C
2020,4,8,21.3,C
2020,4,9,22.7,#
2020,4,10,22.0,C
2020,4,11,24.4,C
2020,4,12,23.8,C
2020,4,13,23.9,C
2020,4,14,21.7,C
2020,4,15,26.2,C
2020,4,16,26.5,C
2020,4,17,25.5,C
2020,4,18,26.3,C
2020,4,19,27.7,C
2020,4,20,29.6,C
2020,4,21,28.9,C
2020,4,22,24.3,C
2020,4,23,20.8,C
2020,4,24,22.1,C
2020,4,25,23.2,C
2020,4,26,25.8,C
2020,4,27,25.6,C
2020,4,28,25.1,C
2020,4,29,23.4,C
2020,4,30,27.7,C
2020,5,1,27.9,C
2020,5,2,29.5,C
2020,5,3,30.0,C
2020,5,4,31.5,C
2020,5,5,31.2,C
2020,5,6,31.4,C
2020,5,7,30.9,C
2020,5,8,30.4,C
2020,5,9,33.1,C
2020,5,10,32.3,C
2020,5,11,31.7,C
2020,5,12,30.0,C
2020,5,13,26.8,C
2020,5,14,28.2,C
2020,5,15,32.0,C
2020,5,16,30.5,C
2020,5,17,33.2,C
2020,5,18,27.6,C
2020,5,19,30.2,C
2020,5,20,27.1,C
2020,5,21,27.7,C
2020,5,22,27.8,C
2020,5,23,25.5,C
2020,5,24,27.3,C
2020,5,25,26.5,C
2020,5,26,30.8,C
2020,5,27,31.3,C
2020,5,28,27.2,C
2020,5,29,28.0,C
2020,5,30,27.1,C
2020,5,31,31.3,C
2020,6,1,31.8,C
2020,6,2,30.9,C
2020,6,3,32.0,C
2020,6,4,32.4,C
2020,6,5,31.8,#
2020,6,6,28.3,#
2020,6,7,***,#
2020,6,8,***,#
2020,6,9,29.4,#
2020,6,10,31.8,C
2020,6,11,31.9,#
2020,6,12,30.8,#
2020,6,13,30.7,#
2020,6,14,29.2,C
2020,6,15,30.7,C
2020,6,16,30.3,C
2020,6,17,31.0,C
2020,6,18,31.6,#
2020,6,19,31.9,C
2020,6,20,31.7,C
2020,6,21,31.7,C
2020,6,22,32.0,#
2020,6,23,32.4,C
2020,6,24,32.6,C
2020,6,25,32.9,C
2020,6,26,33.2,C
2020,6,27,33.7,C
2020,6,28,32.6,C
2020,6,29,30.6,C
2020,6,30,33.4,C
2020,7,1,31.8,C
2020,7,2,31.6,C
2020,7,3,31.3,C
2020,7,4,31.3,C
2020,7,5,32.2,C
2020,7,6,33.1,C
2020,7,7,33.2,C
2020,7,8,30.8,C
2020,7,9,31.0,C
2020,7,10,33.6,C
2020,7,11,36.2,C
2020,7,12,38.6,C
2020,7,13,36.7,C
2020,7,14,33.2,C
2020,7,15,33.6,C
2020,7,16,33.3,C
2020,7,17,33.2,C
2020,7,18,33.9,C
2020,7,19,34.5,C
2020,7,20,36.7,C
2020,7,21,36.3,C
2020,7,22,35.5,C
2020,7,23,38.4,C
2020,7,24,36.2,C
2020,7,25,34.1,C
2020,7,26,35.1,C
2020,7,27,35.1,C
2020,7,28,36.2,C
2020,7,29,36.9,C
2020,7,30,35.2,C
2020,7,31,28.6,C
2020,8,1,30.0,C
2020,8,2,29.3,C
2020,8,3,27.8,C
2020,8,4,31.9,C
2020,8,5,31.5,C
2020,8,6,32.1,C
2020,8,7,33.3,C
2020,8,8,32.4,C
2020,8,9,34.2,C
2020,8,10,32.7,C
2020,8,11,33.1,C
2020,8,12,30.3,C
2020,8,13,31.7,C
2020,8,14,33.0,C
2020,8,15,34.1,C
2020,8,16,33.1,C
2020,8,17,31.3,C
2020,8,18,29.2,C
2020,8,19,26.9,C
2020,8,20,31.5,C
2020,8,21,31.9,C
2020,8,22,32.0,C
2020,8,23,32.0,C
2020,8,24,31.7,C
2020,8,25,33.1,C
2020,8,26,32.4,C
2020,8,27,31.5,C
2020,8,28,33.0,C
2020,8,29,33.0,C
2020,8,30,32.7,C
2020,8,31,31.8,C
2020,9,1,33.5,C
2020,9,2,33.6,C
2020,9,3,32.8,C
2020,9,4,33.4,C
2020,9,5,30.0,C
2020,9,6,31.6,C
2020,9,7,30.8,C
2020,9,8,27.9,C
2020,9,9,30.6,C
2020,9,10,32.4,C
2020,9,11,33.5,C
2020,9,12,33.3,C
2020,9,13,31.8,C
2020,9,14,27.9,C
2020,9,15,28.6,C
2020,9,16,30.6,C
2020,9,17,29.6,C
2020,9,18,29.7,C
2020,9,19,31.2,C
2020,9,20,30.4,C
2020,9,21,27.7,C
2020,9,22,31.4,C
2020,9,23,30.9,C
2020,9,24,30.7,C
2020,9,25,31.0,C
2020,9,26,28.7,C
2020,9,27,28.5,C
2020,9,28,27.4,C
2020,9,29,27.7,C
2020,9,30,31.3,C
2020,10,1,27.5,C
2020,10,2,28.2,C
2020,10,3,29.3,C
2020,10,4,31.7,C
2020,10,5,29.7,C
2020,10,6,26.8,C
2020,10,7,26.7,C
2020,10,8,27.8,C
2020,10,9,29.5,C
2020,10,10,30.5,C
2020,10,11,29.7,C
2020,10,12,29.6,C
2020,10,13,25.7,C
2020,10,14,26.0,C
2020,10,15,27.7,C
2020,10,16,29.4,C
2020,10,17,29.6,C
2020,10,18,28.8,C
2020,10,19,28.1,C
2020,10,20,29.1,C
2020,10,21,26.7,C
2020,10,22,26.1,C
2020,10,23,24.6,C
2020,10,24,24.8,C
2020,10,25,25.4,#
2020,10,26,26.7,C
2020,10,27,27.1,C
2020,10,28,24.6,C
2020,10,29,24.6,C
2020,10,30,27.6,C
2020,10,31,24.2,C
2020,11,1,28.2,#
2020,11,2,28.8,C
2020,11,3,27.6,#
2020,11,4,26.6,C
2020,11,5,24.7,C
2020,11,6,31.4,C
2020,11,7,29.3,C
2020,11,8,27.7,C
2020,11,9,26.7,C
2020,11,10,23.8,C
2020,11,11,25.1,C
2020,11,12,27.7,#
2020,11,13,23.8,C
2020,11,14,24.7,C
2020,11,15,25.2,C
2020,11,16,28.5,C
2020,11,17,27.6,C
2020,11,18,28.6,C
2020,11,19,27.7,C
2020,11,20,30.8,C
2020,11,21,23.4,C
2020,11,22,28.3,C
2020,11,23,24.1,C
2020,11,24,27.3,C
2020,11,25,26.8,C
2020,11,26,29.2,#
2020,11,27,24.8,C
2020,11,28,22.6,C
2020,11,29,22.2,C
2020,11,30,21.6,C
2020,12,1,22.2,#
2020,12,2,22.6,#
2020,12,3,18.8,C
2020,12,4,17.7,C
2020,12,5,19.1,#
2020,12,6,22.1,#
2020,12,7,23.5,C
2020,12,8,21.5,#
2020,12,9,20.7,C
2020,12,10,23.4,C
2020,12,11,23.5,#
2020,12,12,20.2,C
2020,12,13,20.6,C
2020,12,14,21.8,C
2020,12,15,16.4,C
2020,12,16,16.3,C
2020,12,17,17.4,C
2020,12,18,19.3,C
2020,12,19,17.4,C
2020,12,20,18.0,C
2020,12,21,19.0,C
2020,12,22,19.3,C
2020,12,23,19.3,C
2020,12,24,25.1,C
2020,12,25,19.1,C
2020,12,26,20.3,C
2020,12,27,25.8,#
2020,12,28,24.4,C
2020,12,29,22.9,C
2020,12,30,19.6,#
2020,12,31,12.8,C
2021,1,1,15.1,C
2021,1,2,17.3,C
2021,1,3,19.8,C
2021,1,4,20.2,C
2021,1,5,22.3,C
2021,1,6,19.3,C
2021,1,7,18.1,C
2021,1,8,10.6,C
2021,1,9,13.3,C
2021,1,10,14.5,C
2021,1,11,12.5,C
2021,1,12,15.4,C
2021,1,13,18.8,C
2021,1,14,20.0,C
2021,1,15,21.3,C
2021,1,16,21.4,C
2021,1,17,18.3,C
2021,1,18,19.1,C
2021,1,19,17.0,#
2021,1,20,18.9,#
2021,1,21,22.6,C
2021,1,22,26.3,C
2021,1,23,24.9,C
2021,1,24,18.6,C
2021,1,25,20.8,C
2021,1,26,23.1,C
2021,1,27,21.0,#
2021,1,28,23.2,C
2021,1,29,18.8,#
2021,1,30,18.1,#
2021,1,31,20.5,#
2021,2,1,25.1,C
2021,2,2,25.6,C
2021,2,3,19.7,C
2021,2,4,23.7,C
2021,2,5,22.9,C
2021,2,6,25.1,C
2021,2,7,21.9,C
2021,2,8,21.8,C
2021,2,9,18.6,C
2021,2,10,17.7,C
2021,2,11,21.7,C
2021,2,12,25.0,C
2021,2,13,23.9,C
2021,2,14,27.0,C
2021,2,15,26.2,C
2021,2,16,22.7,C
2021,2,17,23.9,C
2021,2,18,20.2,C
2021,2,19,20.7,C
2021,2,20,23.4,C
2021,2,21,25.6,C
2021,2,22,27.2,C
2021,2,23,26.6,C
2021,2,24,20.4,C
2021,2,25,21.1,C
2021,2,26,24.6,C
2021,2,27,20.4,C
2021,2,28,20.8,C
2021,3,1,24.7,C
2021,3,2,24.1,C
2021,3,3,18.9,C
2021,3,4,19.0,C
2021,3,5,20.1,#
2021,3,6,20.1,C
2021,3,7,20.1,C
2021,3,8,20.8,C
2021,3,9,21.6,C
2021,3,10,20.4,C
2021,3,11,21.6,C
2021,3,12,26.3,C
2021,3,13,22.1,C
2021,3,14,21.6,C
2021,3,15,23.7,C
2021,3,16,26.4,C
2021,3,17,28.8,C
2021,3,18,23.1,C
2021,3,19,23.9,C
2021,3,20,29.2,C
2021,3,21,22.9,C
2021,3,22,20.3,C
2021,3,23,19.5,C
2021,3,24,24.2,C
2021,3,25,22.0,C
2021,3,26,22.3,C
2021,3,27,25.2,C
2021,3,28,28.1,C
2021,3,29,29.1,C
2021,3,30,33.0,C
2021,3,31,30.4,C
2021,4,1,30.9,C
2021,4,2,31.0,C
2021,4,3,31.9,C
2021,4,4,25.1,C
2021,4,5,23.0,C
2021,4,6,24.2,C
2021,4,7,22.9,C
2021,4,8,23.1,C
2021,4,9,22.6,C
2021,4,10,22.2,C
2021,4,11,23.3,C
2021,4,12,26.9,C
2021,4,13,29.1,C
2021,4,14,24.8,C
2021,4,15,23.1,C
2021,4,16,23.4,C
2021,4,17,23.5,C
2021,4,18,24.0,C
2021,4,19,22.6,C
2021,4,20,23.1,C
2021,4,21,25.8,C
2021,4,22,29.1,C
2021,4,23,30.5,C
2021,4,24,25.3,C
2021,4,25,25.0,C
2021,4,26,23.7,C
2021,4,27,22.9,C
2021,4,28,26.0,C
2021,4,29,28.1,#
2021,4,30,29.6,C
2021,5,1,30.8,C
2021,5,2,31.6,C
2021,5,3,24.7,C
2021,5,4,31.4,C
2021,5,5,31.1,C
2021,5,6,25.4,C
2021,5,7,30.4,#
2021,5,8,31.4,C
2021,5,9,33.7,C
2021,5,10,34.7,C
2021,5,11,32.7,C
2021,5,12,33.4,#
2021,5,13,32.5,C
2021,5,14,33.3,C
2021,5,15,36.1,C
2021,5,16,36.4,C
2021,5,17,35.1,C
2021,5,18,35.2,C
2021,5,19,33.7,C
2021,5,20,34.5,C
2021,5,21,34.1,C
2021,5,22,35.3,C
2021,5,23,36.7,C
2021,5,24,38.1,C
2021,5,25,34.3,C
2021,5,26,34.6,C
2021,5,27,33.8,C
2021,5,28,34.1,C
2021,5,29,32.9,C
2021,5,30,32.6,C
2021,5,31,30.9,C
2021,6,1,27.9,C
2021,6,2,31.2,C
2021,6,3,33.7,C
2021,6,4,33.1,C
2021,6,5,30.6,C
2021,6,6,32.6,C
2021,6,7,28.5,C
2021,6,8,29.1,C
2021,6,9,28.4,C
2021,6,10,29.0,#
2021,6,11,29.5,C
2021,6,12,28.5,#
2021,6,13,30.9,#
2021,6,14,32.1,#
2021,6,15,31.5,#
2021,6,16,31.9,C
2021,6,17,33.1,C
2021,6,18,32.1,C
2021,6,19,32.4,C
2021,6,20,32.5,C
2021,6,21,31.9,C
2021,6,22,29.3,C
2021,6,23,27.2,C
2021,6,24,25.7,C
2021,6,25,28.2,C
2021,6,26,30.6,C
2021,6,27,30.4,C
2021,6,28,28.1,C
2021,6,29,29.9,C
2021,6,30,31.4,C
2021,7,1,32.0,C
2021,7,2,31.7,C
2021,7,3,31.7,C
2021,7,4,33.0,C
2021,7,5,29.9,C
2021,7,6,32.4,C
2021,7,7,30.4,C
2021,7,8,32.6,C
2021,7,9,32.1,C
2021,7,10,31.7,C
2021,7,11,32.4,C
2021,7,12,34.2,C
2021,7,13,34.1,C
2021,7,14,35.0,#
2021,7,15,35.2,#
2021,7,16,31.5,#
2021,7,17,28.0,C
2021,7,18,28.3,C
2021,7,19,28.0,C
2021,7,20,27.6,C
2021,7,21,27.7,#
2021,7,22,31.2,C
2021,7,23,33.2,#
2021,7,24,33.1,C
2021,7,25,32.1,C
2021,7,26,33.6,C
2021,7,27,32.7,C
2021,7,28,32.4,C
2021,7,29,31.2,C
2021,7,30,30.6,C
2021,7,31,30.9,C
2021,8,1,30.8,C
2021,8,2,32.7,C
2021,8,3,29.1,C
2021,8,4,29.3,C
2021,8,5,27.9,C
2021,8,6,28.0,C
2021,8,7,31.4,C
2021,8,8,30.7,C
2021,8,9,31.9,C
2021,8,10,31.5,C
2021,8,11,32.1,C
2021,8,12,31.5,C
2021,8,13,30.9,C
2021,8,14,27.8,C
2021,8,15,29.8,C
2021,8,16,31.1,C
2021,8,17,31.6,C
2021,8,18,32.6,C
2021,8,19,30.9,C
2021,8,20,32.6,C
2021,8,21,32.5,C
2021,8,22,32.4,#
2021,8,23,34.1,C
2021,8,24,33.3,C
2021,8,25,33.3,C
2021,8,26,32.4,C
2021,8,27,28.5,C
2021,8,28,29.1,C
2021,8,29,27.5,C
2021,8,30,30.5,C
2021,8,31,27.8,C
2021,9,1,30.8,C
2021,9,2,32.0,C
2021,9,3,31.1,C
2021,9,4,32.2,C
2021,9,5,31.3,C
2021,9,6,32.3,C
2021,9,7,30.0,C
2021,9,8,31.7,C
2021,9,9,32.3,C
2021,9,10,30.3,C
2021,9,11,32.0,C
2021,9,12,33.1,C
2021,9,13,34.6,C
2021,9,14,34.2,C
2021,9,15,34.9,C
2021,9,16,35.2,C
2021,9,17,33.2,C
2021,9,18,30.8,C
2021,9,19,31.2,C
2021,9,20,31.9,C
2021,9,21,34.4,C
2021,9,22,33.6,C
2021,9,23,30.1,C
2021,9,24,31.6,C
2021,9,25,30.3,C
2021,9,26,29.8,C
2021,9,27,32.5,C
2021,9,28,33.8,C
2021,9,29,36.0,C
2021,9,30,36.6,C
2021,10,1,37.9,C
2021,10,2,36.6,C
2021,10,3,30.9,C
2021,10,4,30.4,C
2021,10,5,31.3,#
2021,10,6,30.1,#
2021,10,7,29.4,#
2021,10,8,27.1,C
2021,10,9,28.2,C
2021,10,10,28.4,C
2021,10,11,30.9,C
2021,10,12,25.7,C
2021,10,13,27.7,C
2021,10,14,28.9,C
2021,10,15,26.6,C
2021,10,16,28.3,C
2021,10,17,26.6,C
2021,10,18,27.0,C
2021,10,19,28.1,C
2021,10,20,28.7,C
2021,10,21,29.9,C
2021,10,22,21.0,C
2021,10,23,23.1,C
2021,10,24,24.9,#
2021,10,25,26.4,C
2021,10,26,27.9,C
2021,10,27,25.6,C
2021,10,28,26.3,C
2021,10,29,25.9,C
2021,10,30,27.1,C
2021,10,31,25.4,#
2021,11,1,26.1,C
2021,11,2,25.6,C
2021,11,3,26.1,C
2021,11,4,26.9,C
2021,11,5,26.5,C
2021,11,6,32.5,C
2021,11,7,29.1,C
2021,11,8,24.6,C
2021,11,9,22.4,C
2021,11,10,22.3,C
2021,11,11,23.2,C
2021,11,12,25.0,C
2021,11,13,25.1,C
2021,11,14,23.2,C
2021,11,15,23.6,C
2021,11,16,25.4,C
2021,11,17,24.4,C
2021,11,18,25.7,C
2021,11,19,24.9,C
2021,11,20,24.5,C
2021,11,21,24.1,C
2021,11,22,22.5,C
2021,11,23,17.7,C
2021,11,24,21.4,C
2021,11,25,25.1,C
2021,11,26,25.1,C
2021,11,27,23.4,#
2021,11,28,23.6,C
2021,11,29,25.4,C
2021,11,30,23.3,C
2021,12,1,18.7,C
2021,12,2,19.8,C
2021,12,3,19.9,C
2021,12,4,20.5,C
2021,12,5,22.2,C
2021,12,6,21.9,C
2021,12,7,22.1,C
2021,12,8,20.5,C
2021,12,9,22.4,C
2021,12,10,24.7,C
2021,12,11,23.4,#
2021,12,12,24.5,C
2021,12,13,21.0,C
2021,12,14,22.4,C
2021,12,15,21.9,C
2021,12,16,26.0,C
2021,12,17,22.6,C
2021,12,18,19.4,#
2021,12,19,19.6,C
2021,12,20,19.5,C
2021,12,21,18.0,C
2021,12,22,22.4,C
2021,12,23,21.3,C
2021,12,24,20.4,C
2021,12,25,20.5,C
2021,12,26,18.2,C
2021,12,27,14.4,C
2021,12,28,17.2,C
2021,12,29,24.7,C
2021,12,30,23.1,C
2021,12,31,17.7,C
2022,1,1,18.2,C
2022,1,2,22.8,C
2022,1,3,19.0,C
2022,1,4,21.1,C
2022,1,5,23.7,C
2022,1,6,23.8,C
2022,1,7,19.2,C
2022,1,8,20.9,C
2022,1,9,18.9,C
2022,1,10,19.2,C
2022,1,11,18.0,C
2022,1,12,16.7,C
2022,1,13,19.5,C
2022,1,14,18.1,C
2022,1,15,18.4,C
2022,1,16,19.7,C
2022,1,17,17.4,C
2022,1,18,17.9,C
2022,1,19,21.1,C
2022,1,20,20.6,C
2022,1,21,18.4,C
2022,1,22,17.4,C
2022,1,23,21.8,C
2022,1,24,20.2,C
2022,1,25,19.3,C
2022,1,26,19.4,C
2022,1,27,19.8,C
2022,1,28,19.0,C
2022,1,29,18.9,C
2022,1,30,18.7,C
2022,1,31,15.4,C
2022,2,1,15.0,C
2022,2,2,16.0,C
2022,2,3,15.6,C
2022,2,4,17.1,C
2022,2,5,16.3,C
2022,2,6,16.8,C
2022,2,7,16.9,C
2022,2,8,17.3,C
2022,2,9,16.4,C
2022,2,10,17.3,C
2022,2,11,20.9,C
2022,2,12,19.1,C
2022,2,13,17.7,C
2022,2,14,20.9,C
2022,2,15,19.4,C
2022,2,16,17.7,C
2022,2,17,16.5,C
2022,2,18,16.5,C
2022,2,19,16.1,C
2022,2,20,9.5,C
2022,2,21,10.0,C
2022,2,22,12.1,C
2022,2,23,15.5,C
2022,2,24,15.5,C
2022,2,25,19.7,C
2022,2,26,18.7,C
2022,2,27,21.3,C
2022,2,28,20.5,C
2022,3,1,27.3,C
2022,3,2,21.8,C
2022,3,3,20.2,C
2022,3,4,23.8,C
2022,3,5,23.8,C
2022,3,6,18.7,C
2022,3,7,21.8,C
2022,3,8,20.5,C
2022,3,9,20.2,C
2022,3,10,23.5,C
2022,3,11,25.6,C
2022,3,12,24.2,C
2022,3,13,27.9,C
2022,3,14,29.1,C
2022,3,15,25.3,C
2022,3,16,22.1,C
2022,3,17,26.0,#
2022,3,18,26.8,C
2022,3,19,23.7,C
2022,3,20,20.8,C
2022,3,21,21.8,C
2022,3,22,22.3,C
2022,3,23,19.7,C
2022,3,24,18.4,C
2022,3,25,24.5,C
2022,3,26,27.7,C
2022,3,27,24.2,C
2022,3,28,17.4,C
2022,3,29,19.4,C
2022,3,30,22.2,C
2022,3,31,25.7,C
2022,4,1,20.4,C
2022,4,2,15.5,C
2022,4,3,21.4,C
2022,4,4,20.3,C
2022,4,5,22.2,C
2022,4,6,24.6,C
2022,4,7,25.5,C
2022,4,8,25.8,C
2022,4,9,26.8,C
2022,4,10,27.2,C
2022,4,11,28.8,C
2022,4,12,28.3,C
2022,4,13,28.2,#
2022,4,14,31.5,C
2022,4,15,23.8,C
2022,4,16,22.2,C
2022,4,17,21.4,C
2022,4,18,22.3,C
2022,4,19,20.5,C
2022,4,20,21.9,C
2022,4,21,24.5,C
2022,4,22,26.2,C
2022,4,23,28.5,C
2022,4,24,29.6,C
2022,4,25,33.1,C
2022,4,26,32.5,C
2022,4,27,32.6,C
2022,4,28,30.8,#
2022,4,29,29.9,C
2022,4,30,25.8,C
2022,5,1,24.1,C
2022,5,2,20.4,C
2022,5,3,23.6,C
2022,5,4,25.0,C
2022,5,5,25.6,C
2022,5,6,25.9,C
2022,5,7,26.6,C
2022,5,8,25.3,C
2022,5,9,25.7,C
2022,5,10,26.0,C
2022,5,11,25.2,C
2022,5,12,25.6,C
2022,5,13,25.8,C
2022,5,14,26.1,C
2022,5,15,23.2,C
2022,5,16,21.1,C
2022,5,17,25.4,C
2022,5,18,24.6,C
2022,5,19,27.2,C
2022,5,20,28.9,C
2022,5,21,30.7,C
2022,5,22,25.0,C
2022,5,23,24.2,C
2022,5,24,24.2,C
2022,5,25,25.0,C
2022,5,26,26.7,C
2022,5,27,27.3,C
2022,5,28,31.4,C
2022,5,29,32.4,C
2022,5,30,32.1,C
2022,5,31,32.9,C
2022,6,1,31.1,C
2022,6,2,31.3,C
2022,6,3,30.6,C
2022,6,4,31.6,C
2022,6,5,30.8,C
2022,6,6,32.2,#
2022,6,7,28.5,C
2022,6,8,26.7,C
2022,6,9,27.9,C
2022,6,10,26.3,C
2022,6,11,28.2,C
2022,6,12,29.9,C
2022,6,13,30.0,C
2022,6,14,29.1,C
2022,6,15,29.3,C
2022,6,16,29.3,C
2022,6,17,30.7,C
2022,6,18,29.0,C
2022,6,19,29.7,C
2022,6,20,29.4,C
2022,6,21,30.0,C
2022,6,22,31.7,C
2022,6,23,32.4,C
2022,6,24,32.5,C
2022,6,25,32.1,C
2022,6,26,32.0,C
2022,6,27,33.2,C
2022,6,28,33.6,C
2022,6,29,30.7,C
2022,6,30,28.6,C
2022,7,1,28.1,C
2022,7,2,27.5,C
2022,7,3,29.3,C
2022,7,4,28.6,C
2022,7,5,29.8,C
2022,7,6,31.3,C
2022,7,7,31.5,C
2022,7,8,31.1,C
2022,7,9,31.3,C
2022,7,10,32.2,C
2022,7,11,32.6,C
2022,7,12,33.2,C
2022,7,13,33.6,C
2022,7,14,34.4,C
2022,7,15,35.2,C
2022,7,16,32.6,C
2022,7,17,32.6,C
2022,7,18,34.9,C
2022,7,19,34.0,C
2022,7,20,34.6,C
2022,7,21,34.5,C
2022,7,22,35.7,C
2022,7,23,36.0,C
2022,7,24,35.9,C
2022,7,25,37.1,C
2022,7,26,37.3,C
2022,7,27,36.7,C
2022,7,28,36.9,C
2022,7,29,37.1,C
2022,7,30,31.1,C
2022,7,31,35.7,C
2022,8,1,37.8,C
2022,8,2,38.2,#
2022,8,3,32.1,C
2022,8,4,29.4,C
2022,8,5,30.1,C
2022,8,6,29.6,C
2022,8,7,30.4,C
2022,8,8,28.7,C
2022,8,9,28.0,C
2022,8,10,29.0,C
2022,8,11,29.5,C
2022,8,12,30.0,C
2022,8,13,30.5,C
2022,8,14,32.4,C
2022,8,15,33.1,C
2022,8,16,30.8,C
2022,8,17,31.5,C
2022,8,18,30.8,C
2022,8,19,30.4,C
2022,8,20,30.5,C
2022,8,21,32.0,C
2022,8,22,33.1,C
2022,8,23,33.8,C
2022,8,24,32.1,C
2022,8,25,27.9,C
2022,8,26,33.3,C
2022,8,27,32.4,C
2022,8,28,34.4,C
2022,8,29,30.9,C
2022,8,30,34.6,C
2022,8,31,34.9,C
2022,9,1,34.0,C
2022,9,2,32.9,C
2022,9,3,33.7,C
2022,9,4,34.1,C
2022,9,5,34.0,C
2022,9,6,34.5,C
2022,9,7,28.6,C
2022,9,8,31.0,C
2022,9,9,32.9,C
2022,9,10,30.9,C
2022,9,11,33.0,C
2022,9,12,35.0,C
2022,9,13,35.6,C
2022,9,14,35.8,C
2022,9,15,35.8,C
2022,9,16,36.3,C
2022,9,17,35.3,C
2022,9,18,34.2,C
2022,9,19,33.8,#
2022,9,20,29.5,C
2022,9,21,29.1,C
2022,9,22,29.3,C
2022,9,23,32.5,C
2022,9,24,29.5,C
2022,9,25,29.8,C
2022,9,26,32.6,C
2022,9,27,29.3,C
2022,9,28,28.7,C
2022,9,29,27.6,C
2022,9,30,27.5,C
2022,10,1,29.7,C
2022,10,2,30.3,C
2022,10,3,31.9,C
2022,10,4,31.6,C
2022,10,5,30.5,C
2022,10,6,29.3,C
2022,10,7,29.3,C
2022,10,8,28.5,C
2022,10,9,29.4,C
2022,10,10,26.0,C
2022,10,11,26.9,C
2022,10,12,27.3,C
2022,10,13,28.6,C
2022,10,14,28.2,C
2022,10,15,29.9,C
2022,10,16,30.3,C
2022,10,17,27.6,C
2022,10,18,26.1,C
2022,10,19,25.0,C
2022,10,20,24.4,C
2022,10,21,26.1,C
2022,10,22,29.6,C
2022,10,23,28.8,C
2022,10,24,25.6,C
2022,10,25,23.9,C
2022,10,26,23.9,C
2022,10,27,26.0,C
2022,10,28,29.8,C
2022,10,29,30.6,C
2022,10,30,26.4,#
2022,10,31,25.5,C
2022,11,1,24.2,C
2022,11,2,21.6,C
2022,11,3,21.8,C
2022,11,4,22.6,C
2022,11,5,21.9,C
2022,11,6,22.8,C
2022,11,7,24.2,C
2022,11,8,23.7,C
2022,11,9,27.2,C
2022,11,10,28.5,C
2022,11,11,26.5,C
2022,11,12,24.5,C
2022,11,13,25.0,C
2022,11,14,23.3,C
2022,11,15,24.2,C
2022,11,16,24.2,C
2022,11,17,25.9,C
2022,11,18,27.8,C
2022,11,19,25.9,C
2022,11,20,26.8,C
2022,11,21,23.3,C
2022,11,22,23.0,C
2022,11,23,23.0,C
2022,11,24,22.9,C
2022,11,25,22.1,C
2022,11,26,24.4,C
2022,11,27,23.5,C
2022,11,28,29.6,C
2022,11,29,28.3,C
2022,11,30,26.0,C
2022,12,1,17.9,C
2022,12,2,18.4,C
2022,12,3,21.6,C
2022,12,4,22.5,C
2022,12,5,19.8,C
2022,12,6,18.8,C
2022,12,7,21.1,#
2022,12,8,23.0,C
2022,12,9,21.8,C
2022,12,10,21.1,C
2022,12,11,17.9,C
2022,12,12,17.3,C
2022,12,13,17.3,C
2022,12,14,13.3,C
2022,12,15,16.1,C
2022,12,16,17.0,C
2022,12,17,14.6,C
2022,12,18,12.8,C
2022,12,19,16.8,C
2022,12,20,18.1,C
2022,12,21,18.8,C
2022,12,22,20.9,C
2022,12,23,19.8,C
2022,12,24,20.3,C
2022,12,25,17.3,C
2022,12,26,16.9,C
2022,12,27,18.3,C
2022,12,28,19.6,C
2022,12,29,18.5,C
2022,12,30,16.6,C
2022,12,31,18.7,C
2023,1,1,19.0,C
2023,1,2,21.0,C
2023,1,3,18.3,C
2023,1,4,18.4,C
2023,1,5,22.1,C
2023,1,6,21.1,C
2023,1,7,20.7,C
2023,1,8,17.5,C
2023,1,9,20.4,C
2023,1,10,17.6,C
2023,1,11,18.0,C
2023,1,12,18.0,C
2023,1,13,21.5,C
2023,1,14,25.3,C
2023,1,15,20.4,C
2023,1,16,13.1,C
2023,1,17,15.4,C
2023,1,18,17.3,C
2023,1,19,19.9,C
2023,1,20,19.9,C
2023,1,21,17.1,C
2023,1,22,19.7,C
2023,1,23,22.3,#
2023,1,24,17.4,C
2023,1,25,14.0,C
2023,1,26,15.8,C
2023,1,27,16.3,C
2023,1,28,15.9,C
2023,1,29,17.9,C
2023,1,30,19.3,C
2023,1,31,18.7,C
2023,2,1,22.6,C
2023,2,2,19.8,C
2023,2,3,18.1,C
2023,2,4,17.7,C
2023,2,5,18.2,C
2023,2,6,19.5,C
2023,2,7,22.8,C
2023,2,8,19.6,C
2023,2,9,20.2,C
2023,2,10,22.6,C
2023,2,11,19.1,C
2023,2,12,19.2,C
2023,2,13,22.6,C
2023,2,14,20.2,C
2023,2,15,18.5,C
2023,2,16,19.3,C
2023,2,17,20.6,C
2023,2,18,24.5,C
2023,2,19,28.1,C
2023,2,20,22.7,C
2023,2,21,18.0,C
2023,2,22,16.7,C
2023,2,23,19.9,C
2023,2,24,21.9,#
2023,2,25,19.3,C
2023,2,26,18.8,C
2023,2,27,16.6,C
2023,2,28,19.6,C
2023,3,1,24.2,C
2023,3,2,19.8,C
2023,3,3,18.4,C
2023,3,4,20.8,C
2023,3,5,20.2,C
2023,3,6,21.4,C
2023,3,7,22.1,C
2023,3,8,24.3,C
2023,3,9,27.7,C
2023,3,10,22.8,C
2023,3,11,21.7,C
2023,3,12,27.0,C
2023,3,13,20.5,C
2023,3,14,19.8,C
2023,3,15,22.3,C
2023,3,16,22.8,C
2023,3,17,23.3,C
2023,3,18,27.6,C
2023,3,19,20.9,C
2023,3,20,22.6,C
2023,3,21,25.1,C
2023,3,22,26.6,C
2023,3,23,26.8,C
2023,3,24,27.0,C
2023,3,25,24.4,C
2023,3,26,21.2,C
2023,3,27,20.0,C
2023,3,28,19.9,#
2023,3,29,20.8,C
2023,3,30,21.1,C
2023,3,31,21.1,C
2023,4,1,21.3,C
2023,4,2,21.5,C
2023,4,3,21.2,C
2023,4,4,25.4,C
2023,4,5,24.9,C
2023,4,6,27.5,C
2023,4,7,23.5,C
2023,4,8,21.0,C
2023,4,9,20.8,C
2023,4,10,21.9,C
2023,4,11,24.6,C
2023,4,12,26.6,C
2023,4,13,22.6,C
2023,4,14,27.1,C
2023,4,15,31.5,C
2023,4,16,27.8,C
2023,4,17,27.2,C
2023,4,18,30.9,C
2023,4,19,26.6,C
2023,4,20,23.5,C
2023,4,21,23.9,C
2023,4,22,23.3,C
2023,4,23,23.0,C
2023,4,24,22.9,C
2023,4,25,22.8,C
2023,4,26,24.4,C
2023,4,27,22.4,C
2023,4,28,24.4,C
2023,4,29,27.0,C
2023,4,30,30.2,C
2023,5,1,23.8,C
2023,5,2,23.7,C
2023,5,3,26.3,C
2023,5,4,29.7,C
2023,5,5,31.6,C
2023,5,6,30.3,C
2023,5,7,31.7,C
2023,5,8,23.7,C
2023,5,9,23.6,C
2023,5,10,23.7,C
2023,5,11,23.6,C
2023,5,12,24.2,C
2023,5,13,24.9,C
2023,5,14,21.8,C
2023,5,15,25.9,C
2023,5,16,26.6,C
2023,5,17,28.0,C
2023,5,18,31.4,C
2023,5,19,31.6,C
2023,5,20,33.0,C
2023,5,21,32.7,C
2023,5,22,32.9,C
2023,5,23,27.6,C
2023,5,24,26.1,C
2023,5,25,25.7,C
2023,5,26,27.8,C
2023,5,27,28.5,C
2023,5,28,28.8,C
2023,5,29,31.2,C
2023,5,30,33.9,C
2023,5,31,31.8,C
2023,6,1,32.2,C
2023,6,2,34.3,C
2023,6,3,33.7,C
2023,6,4,31.2,C
2023,6,5,30.4,C
2023,6,6,30.4,C
2023,6,7,31.5,C
2023,6,8,32.3,C
2023,6,9,32.3,C
2023,6,10,32.1,C
2023,6,11,29.2,C
2023,6,12,30.5,C
2023,6,13,31.7,C
2023,6,14,29.4,C
2023,6,15,28.7,C
2023,6,16,29.3,C
2023,6,17,27.6,C
2023,6,18,28.8,C
2023,6,19,31.6,C
2023,6,20,32.5,C
2023,6,21,32.1,C
2023,6,22,32.6,C
2023,6,23,30.8,C
2023,6,24,30.9,C
2023,6,25,30.7,C
2023,6,26,30.6,C
2023,6,27,31.7,#
2023,6,28,32.4,C
2023,6,29,31.3,C
2023,6,30,30.3,C
2023,7,1,31.2,C
2023,7,2,28.7,C
2023,7,3,30.8,C
2023,7,4,32.4,C
2023,7,5,32.5,C
2023,7,6,32.1,C
2023,7,7,32.9,#
2023,7,8,33.5,C
2023,7,9,33.1,C
2023,7,10,32.6,C
2023,7,11,34.1,C
2023,7,12,34.0,C
2023,7,13,33.2,C
2023,7,14,33.9,C
2023,7,15,32.8,C
2023,7,16,31.6,C
2023,7,17,29.2,C
2023,7,18,29.9,C
2023,7,19,29.6,C
2023,7,20,33.3,C
2023,7,21,34.4,C
2023,7,22,33.8,C
2023,7,23,33.8,C
2023,7,24,34.6,C
2023,7,25,33.9,C
2023,7,26,36.4,C
2023,7,27,37.1,C
2023,7,28,35.5,C
2023,7,29,29.5,C
2023,7,30,35.0,C
2023,7,31,31.4,C
2023,8,1,30.8,C
2023,8,2,33.0,C
2023,8,3,33.9,C
2023,8,4,33.7,C
2023,8,5,32.3,C
2023,8,6,32.0,C
2023,8,7,33.3,C
2023,8,8,34.7,C
2023,8,9,34.5,C
2023,8,10,33.8,#
2023,8,11,***,#
2023,8,12,***,#
2023,8,13,***,#
2023,8,14,***,#
2023,8,15,***,#
2023,8,16,31.9,#
2023,8,17,31.5,C
2023,8,18,31.4,#
2023,8,19,30.5,C
2023,8,20,32.9,C
2023,8,21,30.4,C
2023,8,22,33.6,C
2023,8,23,33.7,C
2023,8,24,29.4,C
2023,8,25,31.8,C
2023,8,26,32.4,C
2023,8,27,30.0,C
2023,8,28,31.7,C
2023,8,29,32.7,C
2023,8,30,32.7,C
2023,8,31,30.6,C
2023,9,1,27.3,C
2023,9,2,26.4,C
2023,9,3,30.8,C
2023,9,4,36.9,C
2023,9,5,30.2,C
2023,9,6,33.1,C
2023,9,7,28.3,C
2023,9,8,26.1,C
2023,9,9,26.1,C
2023,9,10,26.0,C
2023,9,11,27.4,C
2023,9,12,30.6,C
2023,9,13,29.3,C
2023,9,14,27.7,C
2023,9,15,29.2,C
2023,9,16,30.0,C
2023,9,17,29.5,C
2023,9,18,31.0,C
2023,9,19,32.8,C
2023,9,20,33.5,C
2023,9,21,34.3,C
2023,9,22,32.9,C
2023,9,23,30.7,C
2023,9,24,29.3,C
2023,9,25,29.6,C
2023,9,26,30.2,C
2023,9,27,30.6,C
2023,9,28,30.4,C
2023,9,29,30.8,C
2023,9,30,32.4,C
2023,10,1,32.5,C
2023,10,2,30.1,C
2023,10,3,33.9,C
2023,10,4,35.5,C
2023,10,5,32.8,C
2023,10,6,29.8,C
2023,10,7,26.6,C
2023,10,8,25.7,C
2023,10,9,25.7,C
2023,10,10,26.2,C
2023,10,11,27.5,C
2023,10,12,28.6,C
2023,10,13,30.3,#
2023,10,14,30.2,C
2023,10,15,29.1,C
2023,10,16,26.5,C
2023,10,17,26.1,C
2023,10,18,25.4,C
2023,10,19,25.6,C
2023,10,20,27.3,C
2023,10,21,23.6,C
2023,10,22,27.2,C
2023,10,23,28.7,C
2023,10,24,26.8,C
2023,10,25,27.7,C
2023,10,26,28.3,C
2023,10,27,27.8,C
2023,10,28,26.9,C
2023,10,29,26.1,#
2023,10,30,26.7,C
2023,10,31,26.6,C
2023,11,1,27.4,C
2023,11,2,26.8,C
2023,11,3,27.2,C
2023,11,4,28.5,C
2023,11,5,29.0,C
2023,11,6,29.5,C
2023,11,7,25.9,C
2023,11,8,25.2,C
2023,11,9,26.6,C
2023,11,10,28.9,#
2023,11,11,25.9,C
2023,11,12,25.2,C
2023,11,13,24.4,#
2023,11,14,21.8,#
2023,11,15,23.7,C
2023,11,16,23.6,C
2023,11,17,20.8,C
2023,11,18,22.5,C
2023,11,19,23.4,C
2023,11,20,24.7,C
2023,11,21,23.6,C
2023,11,22,24.7,C
2023,11,23,27.8,C
2023,11,24,24.2,C
2023,11,25,22.2,C
2023,11,26,25.0,C
2023,11,27,27.6,C
2023,11,28,24.7,C
2023,11,29,23.2,C
2023,11,30,25.0,C
2023,12,1,22.2,C
2023,12,2,22.0,C
2023,12,3,21.5,C
2023,12,4,24.7,C
2023,12,5,26.8,C
2023,12,6,22.5,C
2023,12,7,25.1,C
2023,12,8,22.6,C
2023,12,9,23.1,C
2023,12,10,26.4,C
2023,12,11,26.7,C
2023,12,12,28.6,C
2023,12,13,22.3,C
2023,12,14,23.1,C
2023,12,15,27.2,C
2023,12,16,22.9,C
2023,12,17,15.5,C
2023,12,18,19.0,C
2023,12,19,19.6,C
2023,12,20,15.2,C
2023,12,21,12.9,C
2023,12,22,14.0,C
2023,12,23,13.6,C
2023,12,24,16.3,C
2023,12,25,17.9,C
2023,12,26,18.9,C
2023,12,27,20.0,C
2023,12,28,21.9,C
2023,12,29,20.1,C
2023,12,30,24.2,C
2023,12,31,27.9,C
2024,1,1,19.9,C
2024,1,2,19.2,C
2024,1,3,20.2,C
2024,1,4,17.9,C
2024,1,5,21.8,C
2024,1,6,25.2,C
2024,1,7,20.3,C
2024,1,8,19.5,C
2024,1,9,24.0,C
2024,1,10,23.1,C
2024,1,11,19.9,C
2024,1,12,20.4,C
2024,1,13,20.7,C
2024,1,14,22.0,C
2024,1,15,23.7,C
2024,1,16,19.4,C
2024,1,17,20.1,#
2024,1,18,23.4,C
2024,1,19,24.6,C
2024,1,20,27.4,C
2024,1,21,21.0,C
2024,1,22,18.6,C
2024,1,23,9.7,C
2024,1,24,11.9,C
2024,1,25,14.8,C
2024,1,26,16.2,C
2024,1,27,17.6,C
2024,1,28,15.0,C
2024,1,29,17.1,C
2024,1,30,19.2,C
2024,1,31,20.0,C
2024,2,1,21.4,C
2024,2,2,20.9,C
2024,2,3,19.1,C
2024,2,4,19.3,C
2024,2,5,21.0,C
2024,2,6,19.5,C
2024,2,7,17.5,C
2024,2,8,13.9,C
2024,2,9,13.8,C
2024,2,10,16.0,C
2024,2,11,21.4,C
2024,2,12,19.0,C
2024,2,13,21.8,C
2024,2,14,24.9,C
2024,2,15,28.3,C
2024,2,16,22.3,C
2024,2,17,20.3,C
2024,2,18,23.6,C
2024,2,19,23.2,C
2024,2,20,24.6,C
2024,2,21,27.1,C
2024,2,22,24.8,C
2024,2,23,21.6,C
2024,2,24,20.3,C
2024,2,25,20.1,C
2024,2,26,18.5,C
2024,2,27,18.4,C
2024,2,28,18.9,C
2024,2,29,22.1,C
2024,3,1,16.0,C
2024,3,2,14.4,C
2024,3,3,18.8,C
2024,3,4,22.2,C
2024,3,5,26.5,C
2024,3,6,24.0,#
2024,3,7,19.4,C
2024,3,8,20.5,C
2024,3,9,19.1,C
2024,3,10,16.5,C
2024,3,11,17.7,C
2024,3,12,22.4,C
2024,3,13,20.0,C
2024,3,14,19.3,C
2024,3,15,20.1,C
2024,3,16,20.7,C
2024,3,17,24.8,C
2024,3,18,21.5,C
2024,3,19,23.0,C
2024,3,20,23.2,C
2024,3,21,21.1,C
2024,3,22,22.6,C
2024,3,23,27.2,C
2024,3,24,27.4,C
2024,3,25,30.4,C
2024,3,26,30.3,C
2024,3,27,22.9,C
2024,3,28,28.2,C
2024,3,29,28.9,C
2024,3,30,30.9,C
2024,3,31,29.1,C
2024,4,1,28.1,C
2024,4,2,28.5,C
2024,4,3,29.8,C
2024,4,4,28.7,C
2024,4,5,28.6,#
2024,4,6,24.5,C
2024,4,7,28.0,C
2024,4,8,28.9,C
2024,4,9,22.9,C
2024,4,10,24.2,C
2024,4,11,24.4,C
2024,4,12,29.4,C
2024,4,13,31.5,C
2024,4,14,31.9,C
2024,4,15,32.0,C
2024,4,16,32.3,C
2024,4,17,32.0,C
2024,4,18,31.9,C
2024,4,19,29.4,C
2024,4,20,30.6,C
2024,4,21,26.8,C
2024,4,22,26.7,C
2024,4,23,25.5,C
2024,4,24,26.7,C
2024,4,25,27.8,C
2024,4,26,27.4,C
2024,4,27,30.7,C
2024,4,28,26.5,C
2024,4,29,28.8,C
2024,4,30,30.2,C
2024,5,1,23.3,#
2024,5,2,***,#
2024,5,3,***,#
2024,5,4,***,#
2024,5,5,***,#
2024,5,6,***,#
2024,5,7,***,#
2024,5,8,***,#
2024,5,9,***,#
2024,5,10,***,#
2024,5,11,***,#
2024,5,12,***,#
2024,5,13,***,#
2024,5,14,25.5,#
2024,5,15,26.5,C
2024,5,16,26.3,C
2024,5,17,26.2,C
2024,5,18,26.5,C
2024,5,19,25.4,C
2024,5,20,25.0,C
2024,5,21,26.4,C
2024,5,22,28.7,C
2024,5,23,26.7,C
2024,5,24,27.1,C
2024,5,25,28.0,C
2024,5,26,28.8,C
2024,5,27,30.0,C
2024,5,28,30.9,C
2024,5,29,26.4,C
2024,5,30,26.5,C
2024,5,31,29.8,C
2024,6,1,29.8,C
2024,6,2,31.7,C
2024,6,3,27.8,C
2024,6,4,25.6,#
2024,6,5,24.8,C
2024,6,6,27.5,C
2024,6,7,25.5,C
2024,6,8,27.3,C
2024,6,9,26.3,C
2024,6,10,30.8,C
2024,6,11,31.2,C
2024,6,12,31.3,C
2024,6,13,31.8,C
2024,6,14,29.2,C
2024,6,15,29.0,C
2024,6,16,30.2,C
2024,6,17,32.1,C
2024,6,18,31.6,C
2024,6,19,33.0,C
2024,6,20,31.9,C
2024,6,21,33.5,C
2024,6,22,33.3,C
2024,6,23,32.9,C
2024,6,24,31.6,C
2024,6,25,32.2,C
2024,6,26,31.9,C
2024,6,27,32.2,C
2024,6,28,33.8,C
2024,6,29,31.4,C
2024,6,30,31.8,C
2024,7,1,32.8,C
2024,7,2,31.5,C
2024,7,3,32.9,C
2024,7,4,34.2,C
2024,7,5,34.5,C
2024,7,6,33.7,C
2024,7,7,35.7,C
2024,7,8,35.1,C
2024,7,9,36.2,C
2024,7,10,35.4,C
2024,7,11,35.9,C
2024,7,12,33.3,C
2024,7,13,35.0,C
2024,7,14,32.7,C
2024,7,15,31.6,C
2024,7,16,29.6,C
2024,7,17,32.1,C
2024,7,18,31.1,C
2024,7,19,33.0,C
2024,7,20,31.9,C
2024,7,21,31.8,C
2024,7,22,32.2,C
2024,7,23,34.3,#
2024,7,24,32.4,#
2024,7,25,32.0,C
2024,7,26,29.6,C
2024,7,27,28.6,C
2024,7,28,27.1,C
2024,7,29,29.7,C
2024,7,30,31.0,C
2024,7,31,29.5,C
2024,8,1,31.6,C
2024,8,2,33.1,C
2024,8,3,33.1,C
2024,8,4,32.3,C
2024,8,5,34.2,C
2024,8,6,35.3,C
2024,8,7,34.1,C
2024,8,8,32.4,C
2024,8,9,32.8,C
2024,8,10,32.6,C
2024,8,11,33.7,C
2024,8,12,30.8,C
2024,8,13,33.4,C
2024,8,14,29.8,C
2024,8,15,30.6,C
2024,8,16,28.3,C
2024,8,17,26.8,C
2024,8,18,29.2,C
2024,8,19,27.7,C
2024,8,20,27.2,C
2024,8,21,27.1,C
2024,8,22,30.5,C
2024,8,23,31.5,C
2024,8,24,31.9,C
2024,8,25,32.5,C
2024,8,26,32.6,C
2024,8,27,32.2,C
2024,8,28,32.9,C
2024,8,29,31.3,#
2024,8,30,31.2,C
2024,8,31,30.6,C
2024,9,1,33.1,C
2024,9,2,34.6,C
2024,9,3,34.6,C
2024,9,4,34.4,C
2024,9,5,31.6,C
2024,9,6,28.3,C
2024,9,7,31.4,C
2024,9,8,29.1,C
2024,9,9,29.7,C
2024,9,10,32.7,C
2024,9,11,32.8,C
2024,9,12,33.1,C
2024,9,13,34.2,#
2024,9,14,34.0,C
2024,9,15,35.5,C
2024,9,16,29.3,C
2024,9,17,33.9,C
2024,9,18,31.0,C
2024,9,19,30.5,C
2024,9,20,31.5,C
2024,9,21,28.6,C
2024,9,22,28.6,C
2024,9,23,27.5,C
2024,9,24,28.4,C
2024,9,25,30.6,C
2024,9,26,31.0,C
2024,9,27,31.5,C
2024,9,28,33.9,C
2024,9,29,33.1,C
2024,9,30,34.4,C
2024,10,1,31.7,C
2024,10,2,28.8,C
2024,10,3,28.4,C
2024,10,4,28.8,C
2024,10,5,29.5,C
2024,10,6,31.9,C
2024,10,7,32.3,C
2024,10,8,30.0,C
2024,10,9,27.9,C
2024,10,10,30.0,C
2024,10,11,25.8,C
2024,10,12,27.8,C
2024,10,13,28.2,C
2024,10,14,29.2,C
2024,10,15,29.2,C
2024,10,16,29.3,C
2024,10,17,29.2,C
2024,10,18,29.1,C
2024,10,19,34.0,C
2024,10,20,29.1,C
2024,10,21,28.6,C
2024,10,22,31.0,C
2024,10,23,26.9,C
2024,10,24,26.7,C
2024,10,25,27.6,C
2024,10,26,28.2,C
2024,10,27,30.2,C
2024,10,28,26.8,C
2024,10,29,28.3,C
2024,10,30,30.6,C
2024,10,31,29.5,C
2024,11,1,28.3,C
2024,11,2,26.5,C
2024,11,3,25.9,C
2024,11,4,27.2,C
2024,11,5,28.5,C
2024,11,6,29.0,C
2024,11,7,27.8,C
2024,11,8,27.5,C
2024,11,9,26.6,C
2024,11,10,25.0,C
2024,11,11,25.7,C
2024,11,12,29.5,C
2024,11,13,24.8,C
2024,11,14,24.3,C
2024,11,15,24.6,C
2024,11,16,30.4,C
2024,11,17,26.2,C
2024,11,18,24.2,C
2024,11,19,22.6,C
2024,11,20,18.6,C
2024,11,21,21.0,C
2024,11,22,22.4,C
2024,11,23,21.7,C
2024,11,24,22.5,C
2024,11,25,22.9,C
2024,11,26,22.2,C
2024,11,27,20.0,C
2024,11,28,20.5,C
2024,11,29,20.3,C
2024,11,30,23.4,C
2024,12,1,22.8,C
2024,12,2,25.0,C
2024,12,3,25.4,C
2024,12,4,23.6,C
2024,12,5,22.6,C
2024,12,6,24.2,C
2024,12,7,22.7,C
2024,12,8,20.6,C
2024,12,9,19.4,C
2024,12,10,22.0,C
2024,12,11,23.5,C
2024,12,12,21.6,C
2024,12,13,19.6,C
2024,12,14,16.5,C
2024,12,15,16.9,C
2024,12,16,19.1,C
2024,12,17,21.8,C
2024,12,18,20.4,C
2024,12,19,18.2,C
2024,12,20,18.8,C
2024,12,21,19.3,C
2024,12,22,18.6,C
2024,12,23,16.8,C
2024,12,24,18.5,C
2024,12,25,20.3,C
2024,12,26,22.0,C
2024,12,27,18.8,C
2024,12,28,17.6,C
2024,12,29,17.0,C
2024,12,30,22.1,C
2024,12,31,23.8,C
2025,1,1,17.9,C
2025,1,2,19.7,C
2025,1,3,19.8,C
2025,1,4,18.1,C
2025,1,5,22.7,C
2025,1,6,23.4,C
2025,1,7,18.2,C
2025,1,8,18.5,C
2025,1,9,19.5,C
2025,1,10,17.2,C
2025,1,11,16.2,C
2025,1,12,19.2,C
2025,1,13,19.0,C
2025,1,14,18.5,C
2025,1,15,21.7,C
2025,1,16,19.8,C
2025,1,17,20.1,C
2025,1,18,19.7,C
2025,1,19,22.9,C
2025,1,20,21.2,#
2025,1,21,19.6,C
2025,1,22,20.2,C
2025,1,23,19.4,C
2025,1,24,20.1,C
2025,1,25,17.9,C
2025,1,26,16.6,C
2025,1,27,16.2,C
2025,1,28,19.6,C
2025,1,29,16.6,C
2025,1,30,17.4,C
2025,1,31,19.5,C
2025,2,1,21.1,C
2025,2,2,18.1,C
2025,2,3,16.2,C
2025,2,4,17.0,C
2025,2,5,17.8,C
2025,2,6,19.0,C
2025,2,7,16.5,C
2025,2,8,17.0,C
2025,2,9,16.2,C
2025,2,10,18.0,C
2025,2,11,18.5,C
2025,2,12,18.9,C
2025,2,13,18.1,#
2025,2,14,16.7,C
2025,2,15,19.7,C
2025,2,16,25.4,C
2025,2,17,20.1,C
2025,2,18,18.2,C
2025,2,19,17.3,C
2025,2,20,17.7,C
2025,2,21,17.2,C
2025,2,22,16.6,C
2025,2,23,18.7,C
2025,2,24,18.1,C
2025,2,25,19.2,C
2025,2,26,18.6,C
2025,2,27,20.8,C
2025,2,28,23.1,C
2025,3,1,21.5,C
2025,3,2,22.8,C
2025,3,3,24.9,C
2025,3,4,26.1,C
2025,3,5,20.4,C
2025,3,6,16.4,C
2025,3,7,13.9,C
2025,3,8,19.7,C
2025,3,9,18.8,C
2025,3,10,21.1,#
2025,3,11,23.6,C
2025,3,12,22.8,C
2025,3,13,27.5,C
2025,3,14,21.8,C
2025,3,15,23.4,C
2025,3,16,19.9,C
2025,3,17,18.4,#
2025,3,18,20.1,C
2025,3,19,22.1,#
2025,3,20,21.1,C
2025,3,21,23.7,C
2025,3,22,25.8,C
2025,3,23,25.1,C
2025,3,24,28.7,C
2025,3,25,29.6,C
2025,3,26,30.7,C
2025,3,27,28.9,C
2025,3,28,25.0,C
2025,3,29,18.0,C
2025,3,30,14.2,C
2025,3,31,14.2,C
2025,4,1,19.5,C
2025,4,2,21.7,C
2025,4,3,25.0,C
2025,4,4,19.6,C
2025,4,5,19.1,C
2025,4,6,24.6,C
2025,4,7,25.6,C
2025,4,8,24.5,C
2025,4,9,26.4,C
2025,4,10,27.7,C
2025,4,11,28.3,C
2025,4,12,25.3,C
2025,4,13,24.7,C
2025,4,14,29.0,C
2025,4,15,30.4,C
2025,4,16,26.3,C
2025,4,17,25.2,C
2025,4,18,24.8,C
2025,4,19,29.3,C
2025,4,20,32.8,C
2025,4,21,31.1,C
2025,4,22,32.5,C
2025,4,23,32.5,C
2025,4,24,32.1,C
2025,4,25,26.3,C
2025,4,26,22.0,C
2025,4,27,22.3,C
2025,4,28,28.3,C
2025,4,29,26.1,C
2025,4,30,27.0,C
2025,5,1,28.8,C
2025,5,2,29.7,C
2025,5,3,29.7,C
2025,5,4,31.1,C
2025,5,5,31.0,C
2025,5,6,32.8,C
2025,5,7,27.2,C
2025,5,8,26.6,C
2025,5,9,30.5,C
2025,5,10,29.1,C
2025,5,11,27.8,C
2025,5,12,28.3,C
2025,5,13,26.2,C
2025,5,14,27.5,C
2025,5,15,28.7,C
2025,5,16,30.5,C
2025,5,17,33.0,C
2025,5,18,35.6,C
2025,5,19,32.9,#
2025,5,20,32.2,C
2025,5,21,34.6,C
2025,5,22,36.0,C
2025,5,23,34.4,C
2025,5,24,31.9,C
2025,5,25,28.1,C
2025,5,26,25.5,C
2025,5,27,26.9,C
2025,5,28,26.4,C
2025,5,29,26.9,C
2025,5,30,25.0,C
2025,5,31,25.8,C
2025,6,1,28.1,C
2025,6,2,32.1,C
2025,6,3,31.8,C
2025,6,4,27.2,C
2025,6,5,26.3,C
2025,6,6,30.3,C
2025,6,7,33.2,C
2025,6,8,34.4,C
2025,6,9,33.9,C
2025,6,10,34.3,C
2025,6,11,30.1,C
2025,6,12,29.1,C
2025,6,13,30.2,C
2025,6,14,30.6,C
2025,6,15,30.6,C
2025,6,16,32.3,C
2025,6,17,28.4,C
2025,6,18,30.7,C
2025,6,19,31.8,C
2025,6,20,29.8,C
2025,6,21,31.2,C
2025,6,22,31.5,C
2025,6,23,32.2,C
2025,6,24,33.1,C
2025,6,25,32.7,C
2025,6,26,30.2,C
2025,6,27,31.5,C
2025,6,28,31.4,C
2025,6,29,33.1,C
2025,6,30,29.3,C
2025,7,1,31.1,C
2025,7,2,31.0,C
2025,7,3,32.5,C
2025,7,4,31.8,C
2025,7,5,34.3,C
2025,7,6,35.3,C
2025,7,7,33.0,C
2025,7,8,33.9,C
2025,7,9,32.2,C
2025,7,10,29.5,C
2025,7,11,30.0,C
2025,7,12,30.5,C
2025,7,13,34.2,C
2025,7,14,33.3,C
2025,7,15,31.6,C
2025,7,16,33.2,C
2025,7,17,33.3,C
2025,7,18,33.0,C
2025,7,19,32.4,C
2025,7,20,26.7,C
2025,7,21,26.8,C
2025,7,22,31.1,C
2025,7,23,32.2,C
2025,7,24,34.9,C
2025,7,25,33.9,C
2025,7,26,33.3,C
2025,7,27,31.7,C
2025,7,28,31.5,C
2025,7,29,28.3,C
2025,7,30,31.5,C
2025,7,31,32.3,C
2025,8,1,33.1,C
2025,8,2,28.9,C
2025,8,3,29.1,C
2025,8,4,28.4,#
2025,8,5,28.1,#
2025,8,6,29.9,C
2025,8,7,31.9,C
2025,8,8,32.9,C
2025,8,9,33.4,C
2025,8,10,33.2,C
2025,8,11,31.5,C
2025,8,12,32.1,C
2025,8,13,31.5,C
2025,8,14,28.5,#
2025,8,15,***,#
2025,8,16,***,#
2025,8,17,***,#
2025,8,18,***,#
2025,8,19,***,#
2025,8,20,***,#
2025,8,21,30.5,#
2025,8,22,32.3,C
2025,8,23,30.9,C
2025,8,24,30.2,C
2025,8,25,30.3,C
2025,8,26,31.6,C
2025,8,27,30.9,C
2025,8,28,28.6,C
2025,8,29,29.8,C
2025,8,30,30.4,C
2025,8,31,30.5,C
2025,9,1,32.7,#
2025,9,2,31.7,C
2025,9,3,33.4,C
2025,9,4,34.0,C
2025,9,5,34.2,C
2025,9,6,32.7,C
2025,9,7,30.9,C
2025,9,8,27.7,C
2025,9,9,29.7,C
2025,9,10,32.8,C
2025,9,11,33.3,C
2025,9,12,32.9,C
2025,9,13,32.8,C
2025,9,14,33.8,C
2025,9,15,33.6,C
2025,9,16,30.6,C
2025,9,17,32.2,C
2025,9,18,32.6,C
2025,9,19,28.9,C
2025,9,20,28.3,C
2025,9,21,27.6,C
2025,9,22,33.5,C
2025,9,23,30.0,C
2025,9,24,27.1,C
2025,9,25,28.6,C
2025,9,26,29.7,C
2025,9,27,31.0,C
2025,9,28,29.8,C
2025,9,29,30.6,C
2025,9,30,35.1,C
2025,10,1,35.9,C
2025,10,2,32.6,C
2025,10,3,34.2,C
2025,10,4,32.7,C
2025,10,5,28.9,C
2025,10,6,29.6,C
2025,10,7,36.3,C
2025,10,8,34.5,C
2025,10,9,31.0,#
2025,10,10,30.1,C
2025,10,11,30.5,C
2025,10,12,29.3,C
2025,10,13,31.0,C
2025,10,14,30.7,C
2025,10,15,32.7,C
2025,10,16,30.7,C
2025,10,17,29.8,#
2025,10,18,32.0,C
2025,10,19,32.1,C
2025,10,20,28.1,C
2025,10,21,23.3,C
2025,10,22,20.7,C
2025,10,23,23.0,C
2025,10,24,24.6,C
2025,10,25,28.3,C
2025,10,26,28.8,C
2025,10,27,25.6,C
2025,10,28,24.9,C
2025,10,29,25.5,C
2025,10,30,27.5,C
2025,10,31,30.9,C
2025,11,1,27.6,C
2025,11,2,26.1,C
2025,11,3,25.1,C
2025,11,4,23.9,C
2025,11,5,26.8,C
2025,11,6,25.7,C
2025,11,7,25.3,C
2025,11,8,27.6,C
2025,11,9,28.5,C
2025,11,10,26.8,C
2025,11,11,23.2,C
2025,11,12,25.0,C
2025,11,13,24.0,C
2025,11,14,25.5,C
2025,11,15,24.8,C
2025,11,16,24.9,C
2025,11,17,24.9,C
2025,11,18,23.4,C
2025,11,19,17.6,C
2025,11,20,17.9,C
2025,11,21,22.8,C
2025,11,22,23.1,C
2025,11,23,24.3,C
2025,11,24,26.7,C
2025,11,25,22.9,C
2025,11,26,22.4,C
2025,11,27,21.8,C
2025,11,28,22.8,C
2025,11,29,21.1,C
2025,11,30,23.2,C
2025,12,1,24.8,C
2025,12,2,23.3,C
2025,12,3,22.3,C
2025,12,4,20.5,C
2025,12,5,21.2,C
2025,12,6,21.9,C
2025,12,7,22.7,C
2025,12,8,25.7,C
2025,12,9,22.2,C
2025,12,10,20.9,C
2025,12,11,25.4,C
2025,12,12,21.4,C
2025,12,13,23.0,C
2025,12,14,19.0,C
2025,12,15,19.4,C
2025,12,16,21.4,C
2025,12,17,24.3,C
2025,12,18,21.5,C
2025,12,19,23.4,C
2025,12,20,24.1,C
2025,12,21,25.1,C
2025,12,22,20.0,C
2025,12,23,19.5,C
2025,12,24,23.4,C
2025,12,25,19.4,C
2025,12,26,15.2,C
2025,12,27,20.1,C
2025,12,28,22.2,C
2025,12,29,23.5,C
2025,12,30,23.0,C
2025,12,31,19.9,C
2026,1,1,19.7,C
2026,1,2,16.7,C
2026,1,3,16.0,C
2026,1,4,20.2,C
2026,1,5,23.2,C
2026,1,6,16.6,C
2026,1,7,16.2,C
2026,1,8,18.0,C
2026,1,9,19.4,C
2026,1,10,21.7,C
2026,1,11,21.0,C
2026,1,12,17.9,C
2026,1,13,23.5,C
2026,1,14,19.7,C
2026,1,15,22.4,C
2026,1,16,25.2,C
2026,1,17,25.7,C
2026,1,18,20.6,C
2026,1,19,20.8,C
2026,1,20,19.4,C
2026,1,21,17.3,C
2026,1,22,15.8,C
2026,1,23,16.3,C
2026,1,24,18.7,C
2026,1,25,19.1,C
2026,1,26,21.6,C
2026,1,27,25.1,C
2026,1,28,18.8,C
2026,1,29,18.9,C
2026,1,30,18.7,C
2026,1,31,18.5,C
2026,2,1,17.4,C
2026,2,2,19.9,C
2026,2,3,17.5,C
2026,2,4,21.0,C
2026,2,5,24.1,C
2026,2,6,27.0,C
2026,2,7,19.8,C
2026,2,8,17.6,C
2026,2,9,16.4,C
2026,2,10,18.4,C
2026,2,11,24.2,C
2026,2,12,18.6,C
2026,2,13,22.8,#
2026,2,14,24.4,C
2026,2,15,26.4,C
2026,2,16,25.2,C
2026,2,17,20.0,C
2026,2,18,19.5,C
2026,2,19,20.0,C
2026,2,20,26.1,C
2026,2,21,24.7,C
2026,2,22,24.2,C
2026,2,23,21.7,C
2026,2,24,24.1,C
2026,2,25,25.8,C
2026,2,26,19.9,C
2026,2,27,20.4,C
2026,2,28,20.1,C
2026,3,1,19.7,C
2026,3,2,21.6,C
2026,3,3,20.7,C
2026,3,4,16.7,C
2026,3,5,22.6,C
2026,3,6,22.7,C
2026,3,7,19.7,C
2026,3,8,19.4,C
2026,3,9,19.6,C
2026,3,10,19.0,C
2026,3,11,19.3,C
2026,3,12,23.8,C
2026,3,13,19.3,C
2026,3,14,20.3,C
2026,3,15,22.7,C
2026,3,16,22.7,C
2026,3,17,22.2,C
2026,3,18,26.6,C
2026,3,19,30.0,C
2026,3,20,21.8,C
2026,3,21,21.6,C
2026,3,22,24.5,C
2026,3,23,27.5,C
2026,3,24,26.6,C
2026,3,25,30.1,C
2026,3,26,29.0,C
2026,3,27,23.9,C
2026,3,28,25.1,C
2026,3,29,23.2,C
2026,3,30,28.6,C
2026,3,31,28.8,C
2026,4,1,28.6,C
2026,4,2,23.1,C
2026,4,3,26.5,C
2026,4,4,25.0,C
2026,4,5,24.3,C
2026,4,6,27.2,C
2026,4,7,30.0,C
2026,4,8,24.8,C
2026,4,9,29.3,C
2026,4,10,30.2,C
2026,4,11,27.1,C
2026,4,12,29.6,C
2026,4,13,29.8,C
2026,4,14,29.4,C
2026,4,15,30.6,C
2026,4,16,30.7,C
2026,4,17,30.3,C
2026,4,18,30.0,C
2026,4,19,29.6,C
2026,4,20,31.2,C
2026,4,21,29.4,C
2026,4,22,30.8,C
2026,4,23,29.6,C
2026,4,24,22.7,C
2026,4,25,23.4,C
2026,4,26,26.0,C
2026,4,27,27.1,C
2026,4,28,27.0,C
2026,4,29,27.8,C
2026,4,30,25.3,C
2026,5,1,25.0,C
2026,5,2,26.3,C
2026,5,3,31.2,C
2026,5,4,26.4,C
2026,5,5,23.3,C
2026,5,6,23.9,C
2026,5,7,26.7,C
2026,5,8,29.5,C
2026,5,9,24.9,C
2026,5,10,24.4,C
2026,5,11,29.9,C
2026,5,12,30.0,C
2026,5,13,31.1,C
2026,5,14,29.5,C
2026,5,15,25.5,C
2026,5,16,25.0,C
2026,5,17,25.1,C
2026,5,18,26.0,C
2026,5,19,26.8,C
2026,5,20,31.0,C
2026,5,21,29.0,C
2026,5,22,32.1,C
2026,5,23,33.0,C
2026,5,24,32.7,C
2026,5,25,33.3,C
2026,5,26,33.2,C
2026,5,27,33.9,C
2026,5,28,33.2,C
2026,5,29,32.9,C
2026,5,30,32.4,C
2026,5,31,29.8,C
2026,6,1,33.3,C
2026,6,2,33.6,C
2026,6,3,35.6,C
2026,6,4,34.5,C
2026,6,5,33.7,C
2026,6,6,32.3,C
2026,6,7,31.9,C
2026,6,8,30.9,C
2026,6,9,28.0,C
2026,6,10,26.5,C
2026,6,11,28.2,#
2026,6,12,28.6,C
2026,6,13,31.2,C
2026,6,14,28.8,C
2026,6,15,28.7,C
2026,6,16,26.4,C
2026,6,17,28.4,C
2026,6,18,28.1,C
2026,6,19,30.6,C
2026,6,20,31.5,C
2026,6,21,33.7,C
2026,6,22,31.8,C
2026,6,23,33.1,C
2026,6,24,33.6,C
2026,6,25,32.6,C
2026,6,26,32.2,C
2026,6,27,30.7,C
2026,6,28,30.3,C
2026,6,29,32.0,C
2026,6,30,30.4,C
2026,7,1,31.4,C
2026,7,2,31.2,C
2026,7,3,30.6,C
2026,7,4,30.6,C
2026,7,5,30.4,C
2026,7,6,29.3,C
2026,7,7,27.8,C
2026,7,8,31.1,C
2026,7,9,31.1,C
2026,7,10,33.9,C
2026,7,11,33.5,C
2026,7,12,32.1,C
2026,7,13,31.3,C
2026,7,14,27.9,C
2026,7,15,27.4,C
2026,7,16,27.0,C
2026,7,17,29.0,C
2026,7,18,31.8,C
2026,7,19,31.1,C
2026,7,20,28.6,C
2026,7,21,30.8,C
2026,7,22,32.1,C
2026,7,23,32.0,C
2026,7,24,33.5,C
2026,7,25,33.5,C
2026,7,26,26.8,C
2026,7,27,26.7,#
2026,7,28,28.8,C
2026,7,29,26.4,C
2026,7,30,28.4,C
2026,7,31,26.9,#
"*** 沒有數據/unavailable"
"# 數據不完整/data incomplete"
"C 數據完整/data Complete"
